1 1180
39 664 724 738 764 820 861 866 878 884 911 928 941 962 976 1007 1011 1039 1043 1048 1054 1069 1127 1134 1180 1202 1225 1227 1249 1259 1317 1339 1345 1355 1382 1404 1483 1658 1702 1856
100 25 293 373 407 452 456 488 575 577 594 672 678 680 695 697 700 715 722 752 754 758 783 789 801 802 803 850 857 864 873 885 894 899 903 907 938 962 968 971 975 979 980 989 994 1004 1039 1076 1087 1104 1119 1123 1137 1147 1162 1163 1185 1188 1199 1217 1239 1247 1274 1295 1326 1331 1332 1360 1375 1383 1399 1406 1432 1454 1473 1481 1489 1520 1527 1609 1610 1617 1639 1645 1658 1668 1699 1714 1753 1785 1789 1802 1851 1853 1854 1857 1882 1886 1889 1901 1930
4 6 443 1578 1778
3 326 923 1772
24 378 391 461 522 632 646 701 923 1047 1048 1123 1196 1231 1339 1414 1464 1467 1550 1646 1679 1784 1866 1917 1920
6 701 928 933 955 1339 1662
1 1180
9 553 701 832 933 941 995 1472 1542 1832
3 701 1180 1332
7 587 804 1015 1254 1258 1340 1397
26 312 317 326 372 448 454 521 812 923 932 955 970 1024 1048 1111 1154 1179 1250 1337 1360 1385 1397 1424 1442 1839 1927
0 
9 30 136 177 436 701 743 1180 1442 1736
3 792 933 1180
5 275 701 822 1172 1339
3 312 1111 1717
4 730 1264 1427 1637
28 8 9 664 667 694 712 722 744 746 767 768 771 779 784 827 842 848 858 866 888 941 946 983 1079 1123 1167 1207 1265
3 1345 1494 1520
10 76 289 369 647 1335 1624 1649 1741 1893 1929
17 88 471 652 826 883 907 963 1048 1061 1304 1410 1468 1514 1636 1643 1757 1933
0 
2 454 1169
0 
4 804 1172 1332 1385
1 1339
27 2 20 113 143 156 232 286 365 432 476 603 619 623 880 895 908 956 1191 1444 1461 1507 1606 1666 1697 1773 1864 1899
1 1048
7 110 372 439 637 913 1106 1351
62 7 304 324 358 378 385 398 399 402 407 455 488 502 522 556 579 672 680 698 754 797 803 814 821 849 894 897 901 941 945 979 989 1044 1048 1123 1173 1199 1305 1326 1388 1405 1409 1412 1434 1440 1486 1489 1499 1520 1526 1657 1684 1696 1707 1745 1802 1854 1889 1890 1897 1900 1917
68 0 140 146 168 181 204 212 226 240 285 387 434 457 506 530 571 628 650 654 656 662 726 729 811 815 920 935 939 958 986 1033 1035 1068 1070 1081 1139 1145 1187 1210 1225 1234 1300 1326 1329 1339 1355 1372 1383 1489 1540 1557 1566 1572 1586 1587 1602 1622 1634 1734 1748 1811 1844 1867 1883 1896 1907 1921 1936
1 1048
2 701 1262
2 1471 1850
1 764
1 1180
4 1 314 593 1184
9 368 386 438 458 497 1211 1230 1738 1763
16 45 115 146 241 257 274 276 324 353 417 527 1066 1099 1193 1372 1557
25 795 841 881 900 951 1052 1058 1085 1272 1342 1346 1358 1374 1413 1425 1457 1470 1510 1573 1591 1597 1608 1619 1689 1755
2 706 1180
12 17 31 148 161 227 236 405 651 1121 1171 1332 1498
1 735
5 343 742 957 1075 1094
57 8 9 295 667 694 721 736 750 751 758 764 767 769 799 827 832 846 858 866 888 892 894 907 911 926 928 932 935 940 946 955 974 983 990 999 1004 1019 1021 1026 1030 1034 1042 1048 1049 1054 1066 1086 1101 1113 1123 1135 1144 1146 1152 1153 1166 1265
10 17 148 161 227 372 401 405 651 1121 1332
65 25 55 86 294 322 376 578 594 598 672 676 678 692 695 697 698 754 757 782 783 789 801 805 843 857 864 893 899 907 979 984 989 990 994 1017 1048 1088 1095 1097 1113 1123 1263 1303 1336 1345 1370 1375 1383 1481 1520 1548 1609 1610 1639 1674 1680 1701 1707 1714 1745 1753 1853 1875 1890 1897
1 880
1 1053
0 
43 106 144 184 187 211 213 289 300 333 361 385 473 490 496 531 533 559 580 589 613 626 663 791 1013 1088 1236 1277 1284 1310 1330 1345 1473 1512 1520 1579 1590 1692 1698 1820 1872 1906 1928 1943
1 1180
1 97
8 352 510 897 940 1317 1345 1659 1890
2 231 840
83 660 701 705 709 805 808 816 839 858 911 922 962 992 1028 1032 1034 1038 1048 1055 1056 1066 1082 1088 1093 1137 1138 1172 1223 1251 1260 1275 1292 1296 1298 1316 1321 1323 1339 1341 1348 1354 1367 1369 1391 1396 1403 1431 1439 1458 1459 1474 1525 1528 1538 1539 1546 1549 1557 1558 1563 1571 1580 1586 1594 1605 1607 1609 1614 1632 1653 1678 1721 1740 1748 1751 1780 1801 1818 1819 1843 1853 1944 1947
7 301 317 520 636 1706 1803 1815
24 44 58 115 174 186 194 230 257 267 271 274 284 437 540 569 701 735 907 1123 1274 1302 1345 1486 1520
16 301 397 804 970 972 1001 1282 1322 1424 1442 1513 1551 1709 1739 1772 1927
0 
1 1248
36 707 718 819 855 897 907 939 986 1048 1079 1102 1108 1123 1144 1203 1251 1267 1345 1355 1384 1414 1418 1464 1496 1500 1516 1622 1631 1661 1668 1699 1705 1734 1765 1785 1862
0 
0 
22 50 120 125 367 389 418 519 524 661 673 683 712 749 773 1077 1285 1377 1501 1893 1911 1916 1941
5 10 517 894 907 1332
1 32
10 751 817 879 898 923 932 1001 1015 1048 1105
1 32
36 74 95 119 131 170 172 176 189 191 211 239 255 273 283 344 369 404 484 496 514 546 564 616 635 682 725 791 1003 1294 1310 1515 1593 1649 1730 1942 1954
9 755 1144 1159 1163 1295 1535 1780 1816 1924
1 3
8 403 465 559 1125 1534 1650 1675 1842
15 10 117 171 525 531 561 661 1309 1318 1380 1483 1509 1725 1756 1911
1 730
15 800 836 874 902 904 931 949 1012 1031 1080 1096 1130 1194 1242 1425
1 1048
4 42 77 151 1808
3 957 1075 1094
3 735 1111 1268
53 4 19 27 29 71 83 93 102 118 122 155 157 197 206 235 266 329 388 415 427 429 446 485 486 494 509 515 516 532 542 555 567 573 657 734 742 753 760 777 867 957 1094 1117 1156 1327 1387 1423 1462 1493 1598 1651 1831 1955
9 938 1215 1314 1450 1511 1519 1706 1805 1918
25 121 259 313 319 322 442 508 894 941 967 982 1026 1123 1136 1172 1232 1332 1345 1356 1420 1492 1520 1617 1828 1890
3 57 907 1048
28 160 164 205 218 219 297 430 449 548 552 615 624 703 1257 1308 1315 1381 1576 1694 1768 1792 1809 1829 1847 1852 1894 1937 1949
1 933
35 82 254 451 471 537 570 691 701 790 807 943 993 1010 1040 1048 1123 1168 1185 1195 1293 1309 1325 1333 1345 1411 1426 1468 1476 1485 1516 1523 1567 1643 1827 1933
0 
4 16 42 92 151
5 347 719 1301 1812 1919
11 804 916 1205 1243 1258 1419 1497 1521 1522 1537 1791
6 1 314 894 1184 1644 1685
1 1425
8 701 954 1007 1074 1172 1345 1600 1849
9 38 138 180 391 442 1023 1026 1645 1903
8 368 382 458 798 1211 1504 1738 1798
44 295 319 320 335 348 359 384 475 487 498 591 733 890 894 907 942 1102 1123 1152 1170 1172 1256 1271 1339 1345 1351 1447 1506 1520 1524 1530 1553 1569 1655 1669 1674 1733 1779 1787 1832 1837 1841 1855 1924
1 97
20 45 241 360 379 550 569 632 701 944 950 1060 1172 1232 1284 1339 1495 1589 1626 1769 1821
30 59 65 230 340 527 718 720 940 1007 1008 1073 1172 1251 1296 1302 1339 1366 1367 1401 1525 1538 1554 1596 1632 1699 1760 1762 1848 1883 1914
2 224 933
4 520 637 1803 1815
82 295 652 667 701 740 751 772 787 790 807 824 826 844 866 869 891 907 915 918 919 928 933 940 960 996 1000 1006 1007 1018 1024 1034 1036 1048 1051 1059 1061 1067 1100 1114 1120 1123 1142 1150 1151 1152 1168 1185 1189 1195 1203 1261 1269 1293 1309 1345 1353 1357 1360 1365 1373 1389 1390 1398 1426 1449 1452 1463 1468 1488 1514 1516 1523 1533 1575 1595 1612 1629 1702 1750 1765 1780 1787
2 1450 1502
1 1520
0 
0 
3 331 343 1332
0 
5 690 957 1075 1094 1172
8 250 550 701 950 1339 1345 1520 1890
47 15 27 29 43 71 78 83 102 108 118 122 126 132 157 206 215 235 266 415 429 445 446 494 509 515 516 526 532 560 567 614 657 760 818 952 1090 1094 1165 1327 1462 1493 1598 1625 1651 1731 1831 1955
1 1339
86 294 685 692 699 700 715 723 737 757 761 781 782 797 801 834 885 894 899 903 907 959 962 968 971 980 984 989 1017 1044 1048 1076 1097 1123 1128 1137 1141 1147 1159 1162 1163 1174 1185 1199 1246 1263 1266 1273 1297 1331 1332 1336 1339 1345 1360 1382 1399 1406 1414 1432 1499 1520 1548 1609 1610 1639 1657 1658 1701 1714 1753 1767 1782 1785 1789 1800 1801 1833 1851 1853 1857 1859 1884 1889 1890 1901 1930
5 61 701 940 1042 1180
72 7 23 133 200 226 249 299 315 332 350 357 370 377 380 406 453 457 467 489 528 530 558 571 634 641 650 654 656 666 670 684 686 786 811 815 894 935 1041 1042 1081 1095 1143 1145 1221 1259 1339 1362 1384 1447 1489 1500 1557 1570 1574 1602 1604 1640 1647 1676 1732 1737 1749 1752 1786 1788 1789 1810 1858 1867 1873 1909 1938
1 907
9 22 433 804 1290 1503 1628 1656 1717 1778
12 76 145 190 412 424 483 627 1047 1204 1237 1821 1953
30 9 154 180 250 420 442 556 600 672 676 679 701 758 821 850 945 974 989 1199 1339 1345 1520 1617 1635 1753 1854 1857 1887 1917 1940
0 
2 18 101
3 325 651 1048
1 1524
4 468 470 704 852
2 1083 1180
69 688 701 705 724 743 808 839 859 871 962 967 991 992 1028 1064 1073 1082 1093 1172 1190 1200 1233 1274 1287 1296 1298 1316 1324 1339 1347 1348 1350 1352 1366 1401 1408 1421 1439 1458 1459 1460 1520 1525 1531 1554 1558 1563 1585 1589 1594 1596 1605 1607 1621 1626 1629 1653 1659 1673 1722 1761 1762 1775 1780 1819 1823 1838 1843 1947
2 730 1080
30 254 313 333 360 417 572 646 701 733 743 1048 1231 1260 1297 1339 1345 1429 1550 1557 1561 1614 1622 1646 1652 1679 1696 1742 1887 1920 1945
0 
2 5 1559
1 609
30 776 873 885 973 1023 1055 1102 1104 1107 1132 1170 1183 1192 1232 1244 1249 1274 1306 1332 1339 1355 1371 1475 1489 1494 1553 1623 1631 1724 1787
4 462 1213 1671 1846
1 185
16 495 511 820 822 861 1007 1180 1339 1404 1500 1699 1777 1796 1828 1848 1903
5 794 795 931 1078 1089
29 230 346 440 447 527 823 928 940 1048 1049 1123 1155 1172 1320 1339 1345 1407 1452 1459 1520 1528 1572 1600 1629 1761 1848 1849 1904 1924
1 1520
62 304 340 359 660 693 709 744 816 829 839 859 871 922 933 962 991 1008 1034 1056 1064 1138 1180 1190 1233 1275 1292 1316 1321 1323 1339 1350 1352 1366 1367 1391 1401 1403 1408 1459 1520 1531 1539 1546 1557 1558 1571 1580 1607 1653 1673 1678 1699 1721 1735 1751 1760 1769 1775 1780 1796 1818 1823
1 1048
1 1520
20 687 727 793 794 854 862 876 881 896 902 934 965 1014 1031 1037 1096 1194 1226 1242 1363
1 390
7 125 203 463 620 625 773 1380
0 
2 220 1180
1 701
3 66 90 169
1 1048
1 1935
0 
2 1543 1783
11 85 100 182 292 586 701 824 933 1123 1161 1520
23 183 308 335 346 355 553 926 1038 1120 1260 1320 1364 1407 1529 1544 1584 1600 1629 1761 1883 1910 1924 1952
47 33 84 165 214 229 338 344 383 424 490 559 599 606 620 625 644 645 671 731 736 749 763 830 905 961 1123 1124 1224 1229 1309 1310 1345 1465 1520 1630 1650 1691 1692 1703 1705 1730 1835 1928 1929 1932 1946 1950
14 687 732 793 795 845 881 904 985 1014 1037 1157 1264 1363 1445
34 687 727 745 770 775 793 796 800 809 836 837 854 862 863 876 896 900 931 936 949 965 981 985 998 1027 1067 1078 1089 1109 1130 1131 1157 1164 1182
1 97
1 3
45 4 15 19 27 43 71 78 93 108 118 122 126 188 192 206 215 234 235 266 415 427 445 446 494 516 567 573 614 657 753 760 777 957 1075 1094 1117 1156 1165 1327 1493 1598 1625 1731 1831 1955
4 5 327 1559 1814
15 111 112 124 353 354 412 426 514 601 909 1220 1234 1483 1912 1928
2 5 947
5 16 42 77 151 1808
10 18 89 101 264 325 401 491 735 1212 1498
10 35 407 889 933 937 1123 1223 1339 1520 1793
30 39 60 153 207 253 281 282 309 384 481 492 500 554 576 591 629 907 942 1152 1208 1252 1341 1345 1392 1417 1512 1669 1832 1855 1868
33 718 724 829 858 889 894 918 932 940 988 995 1011 1026 1034 1123 1137 1172 1196 1260 1274 1324 1341 1414 1421 1447 1520 1535 1544 1629 1702 1849 1924 1939
1 1048
37 295 664 667 721 736 746 755 761 763 779 784 799 827 842 848 855 932 941 976 1050 1076 1101 1107 1119 1123 1127 1128 1132 1133 1136 1143 1155 1160 1167 1198 1207 1214
21 359 523 701 823 865 889 1048 1122 1155 1198 1202 1245 1339 1520 1588 1797 1849 1879 1890 1924 1952
2 104 152
7 14 364 368 458 987 1211 1798
1 1048
2 937 1534
26 51 76 125 128 187 214 252 270 424 517 543 613 630 674 716 1063 1118 1241 1377 1520 1611 1691 1712 1794 1820 1893
7 167 313 806 833 940 1123 1339
29 170 172 190 201 289 300 389 396 469 473 483 543 557 563 564 611 642 644 674 689 912 1062 1204 1277 1310 1649 1692 1865 1906
4 1048 1219 1456 1490
76 67 70 147 210 217 226 302 311 332 350 357 380 434 453 467 479 489 505 518 558 571 581 604 634 638 650 654 656 662 666 681 684 686 729 756 811 894 986 1029 1041 1070 1081 1095 1143 1221 1255 1300 1311 1332 1362 1436 1500 1572 1587 1601 1602 1634 1640 1647 1713 1715 1718 1732 1737 1742 1786 1806 1813 1836 1902 1909 1910 1931 1936 1938 1939
19 36 48 392 396 410 599 712 1009 1149 1286 1332 1443 1520 1650 1686 1703 1878 1890 1925
4 517 1180 1520 1650
31 107 147 212 244 387 650 729 958 997 1081 1095 1216 1255 1317 1339 1372 1383 1484 1489 1557 1601 1615 1618 1647 1661 1716 1720 1777 1788 1890 1910
1 57
1 151
6 279 701 764 774 1180 1890
1 1935
1 1248
2 313 1245
78 12 63 64 68 75 76 80 81 82 98 173 175 179 183 185 187 203 208 246 252 260 290 344 351 359 383 394 403 435 478 513 519 524 568 570 586 588 592 620 630 693 708 736 861 865 943 961 966 1024 1048 1071 1100 1123 1149 1150 1206 1229 1281 1309 1345 1349 1395 1416 1426 1467 1509 1534 1762 1774 1799 1820 1821 1825 1845 1932 1950 1951 1953
5 372 408 562 1376 1552
2 69 130
5 362 582 1083 1386 1812
1 1212
11 128 243 307 425 472 561 1098 1294 1766 1816 1895
0 
1 1505
49 39 47 49 87 96 105 109 163 166 233 248 258 281 282 287 288 291 335 384 407 423 437 455 464 540 544 551 585 714 860 1067 1123 1208 1252 1256 1339 1345 1447 1494 1520 1569 1582 1616 1627 1664 1669 1733 1779 1924
1 1096
23 48 62 167 178 243 389 419 546 649 665 671 696 716 1009 1201 1443 1536 1649 1660 1667 1756 1822 1898
1 907
13 223 256 306 557 649 716 1022 1140 1201 1536 1667 1822 1834
1 1736
29 221 244 302 457 631 641 670 701 729 815 1005 1095 1139 1312 1332 1339 1383 1479 1574 1622 1634 1640 1743 1804 1813 1836 1862 1883 1909
1 323
17 54 338 396 426 466 601 647 791 1124 1281 1286 1465 1649 1895 1916 1922 1925
1 1339
4 62 76 123 418
4 5 462 1846 1923
7 347 362 444 668 719 1343 1919
3 219 658 1892
4 845 1487 1728 1870
19 195 223 256 418 419 557 649 1022 1201 1280 1477 1536 1541 1665 1667 1688 1741 1807 1822
2 1545 1870
8 907 975 1048 1123 1172 1244 1568 1583
30 46 164 218 219 363 395 430 441 450 501 608 618 624 658 659 677 766 1181 1381 1518 1576 1581 1620 1648 1710 1719 1847 1869 1892 1937
51 311 335 340 359 373 375 407 568 590 656 714 722 750 771 808 866 878 897 918 928 935 989 999 1024 1026 1048 1051 1110 1123 1146 1193 1267 1339 1345 1353 1380 1418 1520 1572 1583 1599 1615 1635 1652 1715 1720 1786 1836 1890 1921 1952
5 603 748 1283 1444 1461
0 
2 1048 1219
5 701 1048 1053 1339 1385
0 
4 925 1123 1339 1520
1 1824
0 
1 390
0 
64 675 713 730 762 775 780 795 796 831 841 851 881 910 921 934 948 965 998 1012 1052 1058 1085 1109 1131 1157 1175 1176 1197 1238 1272 1289 1338 1342 1374 1402 1425 1427 1430 1433 1435 1445 1453 1457 1469 1470 1478 1480 1490 1491 1547 1573 1577 1592 1597 1603 1608 1619 1677 1687 1689 1754 1771 1888 1891
5 438 458 710 987 1211
57 88 138 168 280 293 322 342 477 502 540 574 575 578 598 612 655 699 752 754 757 781 782 789 802 810 838 893 894 907 989 1039 1048 1076 1087 1116 1123 1162 1163 1188 1217 1246 1247 1303 1339 1361 1383 1432 1489 1520 1548 1568 1609 1714 1776 1785 1882 1886
1 479
2 1299 1711
1 1471
1 1508
5 444 668 1301 1308 1343
1 1856
3 1172 1215 1456
3 930 1048 1177
3 685 701 743
8 73 454 459 730 1048 1169 1179 1520
9 765 804 817 879 927 929 1067 1268 1332
2 702 1209
72 33 116 119 131 135 176 184 187 191 201 213 243 283 334 351 361 369 396 404 414 484 490 496 499 512 514 524 536 543 566 580 584 588 589 596 613 616 626 643 644 682 725 728 731 735 830 887 1016 1125 1270 1291 1294 1310 1347 1377 1515 1564 1593 1649 1675 1688 1691 1698 1704 1730 1840 1842 1906 1908 1922 1934 1942
1 1662
1 1048
0 
30 702 735 785 804 812 866 898 907 923 928 955 970 1001 1024 1048 1105 1111 1154 1172 1177 1250 1254 1290 1337 1360 1397 1437 1438 1442 1562
0 
52 37 39 53 60 105 159 228 233 237 261 277 320 321 335 371 379 423 464 475 500 538 574 579 617 621 622 639 701 890 907 913 1102 1123 1172 1256 1271 1313 1339 1506 1553 1569 1582 1627 1654 1664 1669 1672 1708 1863 1903 1905 1926
14 34 94 142 242 278 328 366 595 1359 1503 1517 1560 1642 1770
7 120 178 517 1224 1318 1565 1797
6 820 933 1122 1180 1339 1695
16 88 103 493 701 933 944 1048 1169 1172 1179 1240 1339 1393 1583 1877 1890
5 64 120 563 1003 1415
1 933
24 36 61 178 243 276 322 392 410 418 426 435 466 531 599 735 739 791 920 1172 1332 1345 1505 1890 1912
11 103 129 222 268 381 701 792 853 923 1048 1723
4 264 491 651 1171
5 304 938 1299 1711 1736
2 862 914
3 12 75 1932
1 605
1 32
6 636 743 868 933 1180 1339
11 44 465 856 886 1029 1048 1123 1339 1345 1466 1520
6 914 969 1048 1084 1486 1663
1 938
8 550 729 950 1081 1216 1520 1777 1938
2 16 77
16 40 85 127 134 198 411 413 479 701 1126 1339 1442 1638 1735 1736 1890
1 1899
6 863 924 969 1084 1510 1608
2 5 947
27 54 106 135 176 189 273 283 296 361 369 393 409 414 512 541 596 635 725 731 1003 1284 1310 1512 1649 1675 1730 1908
5 432 1184 1685 1706 1874
2 1048 1573
0 
33 2 20 113 143 209 232 247 336 504 583 593 640 828 877 880 895 1057 1092 1148 1191 1319 1461 1507 1670 1682 1683 1700 1729 1747 1760 1773 1826 1864
5 470 1178 1537 1790 1948
0 
2 139 1918
12 22 448 759 804 1083 1258 1340 1376 1438 1552 1628 1693
1 231
2 316 449
27 2 28 245 286 336 365 504 529 603 828 880 1025 1057 1191 1319 1400 1444 1606 1666 1683 1697 1700 1729 1747 1760 1764 1899
34 46 99 160 164 202 205 269 298 501 548 552 607 610 615 633 659 703 766 778 1257 1315 1576 1620 1710 1744 1792 1809 1829 1847 1852 1869 1881 1894 1949
3 701 743 1339
2 6 1502
26 72 145 152 243 265 289 367 418 563 566 584 616 627 644 645 669 683 689 887 1270 1448 1477 1520 1690 1756 1943
71 24 341 359 374 474 537 597 691 807 825 838 844 847 849 882 883 890 907 915 917 919 925 943 953 963 966 996 1002 1010 1036 1045 1046 1048 1059 1072 1108 1114 1123 1140 1161 1185 1218 1235 1269 1287 1288 1304 1333 1339 1344 1345 1364 1368 1378 1379 1390 1394 1410 1411 1416 1426 1542 1555 1567 1575 1578 1588 1636 1833 1877 1933
16 330 345 421 460 468 535 565 711 852 1065 1253 1279 1446 1781 1790 1830
2 73 459
14 11 94 150 242 278 337 366 400 547 1180 1503 1560 1817 1876
6 5 327 462 1671 1846 1850
1 1083
0 
27 30 40 56 85 127 134 177 198 355 411 436 479 701 741 806 833 907 938 1020 1048 1126 1339 1422 1520 1638 1736 1890
1 907
1 372
2 69 130
15 41 59 65 100 440 735 907 999 1339 1345 1520 1584 1727 1860 1890
9 382 438 497 798 1211 1230 1504 1738 1763
9 906 916 1205 1419 1437 1497 1522 1613 1791
1 1423
48 67 221 249 315 322 359 380 406 457 479 518 545 581 631 638 666 786 815 986 997 1068 1070 1129 1143 1216 1300 1339 1362 1479 1532 1540 1574 1602 1634 1714 1737 1749 1752 1788 1804 1810 1844 1867 1896 1902 1931 1938 1939
18 21 58 174 186 199 207 250 253 262 267 271 284 292 527 743 967 1520 1868
1 923
48 673 696 830 887 912 978 1003 1016 1062 1063 1098 1118 1123 1124 1237 1277 1284 1285 1291 1330 1345 1403 1415 1428 1448 1520 1564 1579 1590 1593 1624 1649 1660 1688 1690 1691 1730 1741 1780 1794 1821 1825 1838 1865 1885 1898 1916 1953
0 
18 139 246 590 701 774 907 1043 1048 1074 1225 1486 1520 1601 1681 1871 1890 1924 1944
4 1456 1487 1545 1728
3 907 923 1048
9 89 439 479 907 923 929 941 1172 1228
36 63 81 88 98 149 173 179 208 260 351 435 474 478 513 519 524 592 597 665 731 869 961 1048 1142 1218 1309 1368 1394 1398 1463 1774 1799 1835 1845 1946 1951
30 68 72 106 111 116 144 270 276 393 402 418 490 533 559 642 791 1220 1239 1241 1309 1428 1501 1675 1712 1725 1794 1821 1872 1890 1928
4 216 792 1172 1278
14 80 195 306 419 1022 1536 1665 1667 1688 1756 1807 1822 1834 1906
1 1758
6 66 77 90 92 169 1519
21 11 34 142 150 328 337 400 433 547 595 916 1359 1503 1511 1517 1613 1642 1770 1791 1817 1876
9 717 724 738 744 870 1069 1133 1144 1227
12 13 305 431 916 972 1060 1282 1322 1513 1709 1795 1805
10 701 788 822 835 894 1046 1050 1172 1278 1455
1 1180
1 1048
54 39 49 79 114 159 163 180 196 199 250 259 263 275 277 281 287 291 313 318 322 371 407 455 461 480 523 551 617 653 701 860 894 907 1123 1232 1274 1313 1339 1345 1369 1371 1475 1520 1617 1623 1645 1672 1681 1724 1837 1841 1882 1903 1924
4 220 747 930 1048
54 39 53 79 87 96 105 107 109 114 137 159 237 258 279 288 318 321 335 348 399 423 428 437 455 475 482 498 544 576 585 621 622 639 776 973 982 1252 1271 1345 1355 1371 1441 1447 1520 1530 1616 1654 1708 1733 1855 1863 1903 1905 1926
4 13 52 236 1482
3 554 1172 1345
1 1048
1 1339
8 182 248 261 309 1392 1520 1726 1784
11 717 932 933 1033 1048 1068 1091 1115 1339 1633 1811
1 1490
8 52 326 609 648 923 1180 1212 1228
6 217 495 1021 1129 1216 1557
0 
20 41 50 55 60 238 285 310 311 539 591 629 688 720 878 939 977 1357 1466 1727 1836
4 26 560 1212 1824
7 323 875 1461 1644 1747 1759 1874
8 701 906 1060 1172 1180 1339 1460 1537
5 765 906 916 1243 1521
4 99 316 582 610
1 1180
2 1077 1860
6 938 1048 1180 1345 1520 1890
24 129 154 224 238 280 293 352 440 451 493 534 602 701 788 907 1305 1334 1339 1345 1373 1520 1526 1583 1800
1 1451
53 4 15 19 29 43 78 93 102 108 122 126 132 155 157 188 192 197 206 215 234 388 429 445 446 485 486 509 515 526 532 555 567 614 734 742 760 777 867 952 957 1090 1094 1156 1165 1327 1387 1462 1493 1598 1625 1651 1731 1955
33 41 59 86 138 225 310 313 894 901 907 989 1017 1048 1141 1234 1246 1339 1345 1370 1399 1409 1452 1455 1520 1526 1556 1609 1632 1674 1699 1707 1801 1903
7 40 56 136 701 743 988 1520
2 74 162
1 479
33 51 84 123 125 165 175 187 214 216 260 290 359 367 394 424 463 465 708 1024 1071 1112 1123 1206 1309 1345 1349 1395 1428 1465 1565 1611 1630 1941
6 701 872 933 1180 1339 1633
1 701
4 730 981 1687 1891
12 64 265 396 483 517 606 669 1380 1695 1746 1916 1952
4 5 422 1213 1850
7 91 193 408 443 491 562 1915
50 86 141 180 225 398 420 577 578 600 612 655 679 754 761 789 801 814 834 838 843 894 907 959 971 977 989 1039 1044 1048 1141 1162 1172 1246 1345 1388 1405 1431 1474 1481 1520 1680 1707 1753 1767 1801 1875 1882 1884 1890 1920
10 26 31 609 648 907 923 1048 1158 1209 1254
5 268 492 507 1328 1535
45 15 19 29 43 71 78 83 93 108 118 126 157 234 235 266 329 388 415 427 429 445 494 509 515 516 526 532 542 614 657 690 742 777 818 867 957 1090 1156 1165 1387 1462 1625 1651 1731 1831
14 238 447 507 701 886 1048 1166 1328 1334 1354 1520 1723 1753 1904
1 1758
4 616 1280 1285 1541
3 35 1158 1824
19 303 330 421 460 503 535 549 704 711 1065 1103 1178 1276 1279 1446 1790 1830 1861 1948
25 107 226 315 342 376 518 545 581 650 656 815 1070 1081 1110 1225 1300 1383 1479 1557 1601 1602 1641 1788 1880 1913
54 9 295 664 667 741 751 769 785 853 868 878 891 892 905 907 954 955 1000 1007 1019 1020 1024 1038 1045 1048 1051 1067 1110 1134 1135 1152 1160 1262 1345 1356 1380 1396 1417 1418 1422 1441 1488 1520 1529 1549 1583 1594 1621 1622 1716 1720 1761 1859 1879
25 39 166 196 228 407 428 480 487 510 538 540 544 622 653 894 1123 1172 1274 1306 1345 1361 1520 1556 1583 1655
3 68 1389 1774
2 1048 1490
6 5 327 880 1814 1846 1923
15 112 124 276 354 392 472 739 791 909 1234 1585 1686 1878 1895 1912
20 37 39 47 137 158 262 263 335 371 475 481 617 1026 1030 1240 1339 1345 1420 1485 1520
13 664 759 932 941 1001 1015 1083 1105 1106 1332 1408 1693 1839
60 675 687 713 730 762 770 780 809 831 851 862 874 881 910 921 924 936 948 951 965 981 1027 1052 1085 1130 1157 1164 1176 1197 1222 1226 1238 1242 1289 1307 1338 1346 1358 1402 1413 1427 1430 1433 1435 1453 1456 1469 1478 1480 1490 1577 1591 1592 1603 1637 1663 1677 1754 1755 1771
86 21 23 133 200 210 217 226 240 244 249 272 299 315 339 356 357 370 416 457 505 506 511 518 528 530 581 604 628 650 656 666 681 726 786 811 819 894 1005 1081 1095 1139 1187 1210 1214 1311 1312 1332 1339 1362 1372 1479 1484 1532 1561 1566 1570 1574 1601 1602 1604 1618 1634 1641 1647 1661 1676 1713 1718 1732 1737 1743 1752 1788 1789 1806 1811 1858 1867 1873 1880 1883 1902 1907 1931 1939 1945
1 1048
75 308 341 358 374 381 474 508 597 602 740 756 787 790 825 835 838 840 847 869 883 907 917 943 953 960 993 1002 1006 1018 1032 1036 1040 1046 1048 1061 1072 1100 1123 1151 1185 1189 1195 1218 1235 1261 1288 1293 1309 1325 1339 1344 1345 1365 1368 1378 1379 1390 1411 1416 1426 1449 1468 1476 1516 1533 1555 1575 1588 1595 1643 1707 1750 1757 1799 1827
13 0 70 376 506 729 1095 1187 1216 1599 1601 1788 1811 1910
30 653 810 822 834 838 884 894 938 1099 1112 1116 1123 1174 1183 1192 1273 1295 1345 1383 1432 1440 1454 1520 1527 1609 1632 1776 1793 1914 1940
1 1180
1 97
6 104 117 149 171 216 465
1 1339
35 28 156 209 245 247 286 349 476 529 603 619 623 640 748 875 877 880 908 923 956 1025 1057 1092 1148 1186 1191 1283 1400 1461 1507 1508 1670 1682 1764 1826
1 1581
6 375 701 933 1339 1520 1726
5 251 609 706 747 1795
1 1180
1 422
4 16 42 77 92
5 91 193 331 1172 1915
11 314 349 583 603 640 895 923 941 1186 1747 1864
28 8 9 664 701 768 772 784 785 813 846 856 870 872 907 928 932 946 955 964 1007 1024 1033 1048 1086 1091 1115 1152 1153
5 247 323 1644 1759 1874
1 1520
5 587 923 970 1562 1656
0 
10 368 386 458 497 710 798 1211 1738 1763 1798
34 70 140 181 249 272 315 339 350 356 413 416 506 518 545 572 707 811 815 933 1035 1081 1095 1110 1143 1300 1311 1329 1332 1383 1436 1574 1599 1788 1913
14 209 251 305 397 431 648 923 938 1180 1314 1442 1482 1551 1739
8 106 135 523 525 894 1172 1345 1520
41 38 39 86 141 158 168 180 222 313 377 423 452 456 477 534 679 701 723 737 797 813 1004 1026 1123 1173 1266 1345 1412 1429 1434 1451 1492 1535 1617 1684 1696 1782 1785 1882 1900 1920
9 14 364 368 382 458 497 1738 1763 1798
2 326 1048
3 1386 1543 1783
59 33 54 95 119 135 162 172 189 191 229 239 243 255 273 296 333 334 367 404 409 469 473 484 496 499 536 580 611 616 626 635 643 674 725 728 731 894 907 978 1118 1172 1236 1277 1335 1467 1512 1564 1579 1675 1698 1704 1746 1766 1774 1840 1885 1908 1934 1954
14 732 745 837 851 1175 1182 1222 1307 1342 1491 1547 1573 1603 1888
33 202 205 218 269 297 298 363 395 441 450 501 552 607 608 618 624 633 658 677 778 1181 1518 1648 1694 1719 1744 1768 1792 1829 1852 1869 1881 1937
14 303 345 460 503 549 565 852 1103 1178 1253 1276 1781 1830 1861
0 
0 
7 115 153 402 605 894 907 1520
5 482 701 933 1393 1849
19 121 194 204 591 701 722 992 1007 1190 1200 1339 1408 1495 1594 1612 1722 1740 1866 1871
14 24 307 425 539 715 882 907 964 1339 1345 1378 1472 1496 1520
5 77 110 326 521 927
6 55 300 519 541 663 1013
3 929 1339 1706
