4 5 14 178 199 
2 41 195 
2 14 199 
2 40 117 
2 117 152 
2 7 44 
2 117 118 
2 152 273 
2 113 174 
4 48 100 182 258 
4 117 145 231 278 
2 0 64 
2 89 213 
2 89 213 
3 117 152 278 
2 73 151 
2 117 273 
3 37 38 53 
4 39 93 162 272 
2 93 169 
2 104 162 
4 48 54 100 258 
2 138 195 
2 108 110 
3 89 129 232 
2 162 230 
3 62 186 272 
2 152 273 
3 60 166 238 
2 152 268 
3 40 117 231 
2 213 232 
3 113 168 234 
4 89 120 213 237 
3 31 88 124 
2 145 191 
2 89 213 
3 113 210 244 
2 28 203 
3 169 187 211 
3 5 161 199 
2 39 272 
2 89 213 
2 213 232 
6 4 65 107 113 234 277 
5 48 54 100 182 258 
2 113 212 
2 35 230 
2 19 144 
3 32 88 214 
3 54 100 214 
2 27 104 
3 117 152 217 
2 39 272 
2 104 187 
2 186 272 
2 210 230 
2 51 225 
2 89 213 
3 102 104 253 
3 152 268 278 
4 27 186 211 263 
3 27 211 266 
2 98 263 
2 162 272 
2 162 211 
3 30 213 232 
2 89 232 
2 213 232 
2 44 230 
3 39 162 272 
4 35 107 165 168 
2 213 232 
2 89 232 
3 98 169 266 
4 83 93 107 230 
2 107 119 
2 165 203 
4 39 162 187 272 
4 27 162 186 272 
2 213 232 
2 14 262 
2 138 274 
2 213 232 
2 27 280 
4 65 108 197 266 
2 113 210 
4 54 88 100 112 
2 102 197 
2 75 167 
2 138 195 
2 174 228 
4 51 138 195 274 
2 158 230 
4 89 213 227 232 
2 27 162 
2 32 214 
2 39 108 
2 44 158 
5 39 104 108 162 266 
2 113 230 
4 39 162 187 272 
2 27 93 
3 123 131 165 
2 113 230 
3 78 117 118 
2 35 187 
2 162 272 
2 76 113 
5 27 107 113 162 230 
2 40 273 
5 39 104 162 186 272 
3 108 211 266 
2 162 187 
4 39 186 187 272 
2 213 232 
3 27 44 165 
2 126 212 
2 89 213 
3 117 118 268 
2 162 186 
3 65 108 266 
2 35 104 
3 108 119 162 
3 138 195 274 
2 83 130 
2 162 266 
5 117 152 242 268 278 
2 18 273 
4 51 138 195 274 
2 213 232 
2 113 210 
2 242 273 
2 64 89 
2 42 167 
3 27 39 272 
3 27 187 272 
3 93 107 230 
2 33 45 
5 21 23 67 220 269 
2 93 230 
3 51 138 195 
3 51 138 195 
2 126 136 
3 89 213 232 
3 197 248 266 
3 93 187 272 
2 181 193 
3 207 223 266 
2 162 272 
8 65 104 123 162 169 187 197 272 
2 39 272 
2 126 212 
2 231 278 
2 89 213 
2 107 234 
3 138 195 274 
3 186 187 211 
5 162 186 187 233 272 
3 98 211 248 
2 231 268 
2 62 98 
2 211 266 
2 187 272 
4 162 186 187 272 
2 108 233 
2 89 213 
2 197 233 
4 4 27 108 110 
4 118 231 268 278 
2 108 187 
2 113 210 
2 119 162 
3 186 187 272 
3 33 51 138 
3 138 195 274 
2 33 51 
4 27 104 108 280 
2 49 135 
2 198 275 
2 104 211 
3 171 215 275 
2 126 212 
2 119 187 
2 197 266 
2 152 278 
2 96 225 
2 62 280 
2 213 232 
2 14 260 
2 197 266 
9 1 15 117 145 152 231 242 249 268 
2 198 275 
2 40 117 
3 162 187 272 
3 162 187 272 
2 187 272 
2 162 187 
2 162 187 
2 18 117 
3 39 113 174 
2 241 275 
2 113 162 
2 98 248 
5 191 219 231 249 268 
2 30 213 
2 5 199 
2 120 236 
2 93 113 
2 213 232 
2 145 204 
2 12 231 
5 27 104 162 186 187 
2 115 132 
2 138 195 
2 89 232 
4 35 123 230 272 
3 118 231 242 
2 162 272 
2 89 232 
6 39 104 162 186 187 272 
2 113 230 
3 35 123 197 
2 88 105 
2 33 51 
2 89 213 
2 62 210 
2 89 213 
3 98 110 169 
2 108 266 
3 104 186 266 
2 1 117 
2 113 210 
3 33 195 274 
4 108 110 130 162 
2 162 187 
2 89 232 
3 186 187 272 
2 43 113 
3 39 162 272 
2 233 266 
4 39 104 186 187 
2 130 169 
2 213 232 
2 65 211 
5 39 162 186 187 272 
2 187 272 
6 35 136 169 186 197 211 
2 126 212 
2 241 275 
2 89 232 
2 138 195 
4 65 93 107 230 
3 1 117 273 
3 98 169 248 
2 130 233 
2 151 199 
2 51 138 
2 64 120 
3 110 169 210 
2 217 242 
2 89 213 
3 138 195 274 
2 41 157 
2 51 133 
3 33 138 195 
2 99 161 
2 213 232 
3 117 152 242 
2 187 266 
2 151 199 
2 241 275 
2 107 230 
2 117 201 
2 213 232 
2 89 232 
2 93 187 
3 107 230 253 
2 110 130 
3 27 104 187 
3 39 104 162 
2 197 234 
2 72 241 
2 27 272 
2 98 248 
3 108 162 272 
3 107 162 187 
3 66 108 234 
2 108 266 
2 162 187 
4 39 162 187 272 
2 39 233 
2 104 272 
6 27 93 162 211 266 272 
2 187 190 
2 266 272 
5 39 162 187 211 272 
2 40 273 
2 39 104 
3 117 152 242 
2 117 242 
2 162 272 
2 187 272 
4 33 138 195 274 
2 108 266 
2 241 275 
3 104 187 272 
2 33 274 
2 33 195 
2 40 242 
2 117 249 
2 89 213 
2 195 274 
3 93 162 186 
2 93 113 
3 39 98 162 
2 162 187 
4 36 83 107 165 
2 89 232 
3 104 107 187 
6 35 104 113 162 210 280 
3 60 156 238 
2 33 274 
6 35 107 113 162 187 266 
2 263 280 
3 44 169 280 
2 162 187 
2 197 266 
2 187 272 
2 62 98 
2 89 232 
2 27 211 
2 33 274 
2 89 232 
2 241 275 
2 186 272 
3 60 166 238 
2 14 178 
2 162 186 
5 104 107 108 162 187 
2 39 272 
2 33 51 
2 51 138 
2 187 272 
2 162 187 
3 117 153 278 
2 93 187 
2 89 232 
2 39 162 
3 51 195 274 
2 233 266 
2 89 232 
3 123 126 136 
5 27 43 93 104 186 
2 138 195 
4 44 104 119 162 
3 82 116 170 
2 33 138 
2 35 187 
4 108 113 168 266 
2 108 162 
2 198 241 
4 162 190 197 233 
2 213 232 
2 118 191 
2 5 260 
3 162 266 272 
4 27 162 266 272 
2 162 187 
2 162 197 
2 89 213 
3 0 89 213 
2 27 187 
2 117 273 
3 113 162 210 
3 27 162 187 
3 40 152 242 
2 213 232 
2 65 108 
2 113 210 
2 187 266 
2 27 162 
3 93 110 169 
2 89 232 
3 162 266 272 
3 98 130 248 
2 89 232 
3 138 195 274 
3 33 138 274 
2 51 195 
3 5 199 260 
2 197 266 
4 108 187 266 272 
2 89 213 
5 27 107 162 187 272 
2 110 266 
2 62 186 
3 33 51 138 
4 162 187 197 239 
3 33 195 274 
3 83 107 113 
2 213 232 
2 187 272 
2 162 187 
2 161 178 
3 27 104 266 
2 4 197 
3 51 138 274 
2 89 213 
2 14 260 
2 83 230 
4 27 162 187 272 
3 65 162 266 
2 107 113 
2 187 266 
2 162 266 
2 65 266 
2 213 232 
2 168 211 
3 33 138 274 
2 108 266 
2 113 187 
3 39 162 186 
2 89 232 
2 89 232 
2 162 187 
4 108 211 233 266 
2 108 162 
4 4 93 108 197 
2 4 131 
3 117 152 273 
2 117 191 
2 62 248 
3 123 136 212 
2 89 213 
4 33 133 195 274 
3 33 195 274 
2 207 266 
2 35 93 
3 27 162 280 
3 17 47 81 
2 108 123 
2 55 157 
2 107 197 
2 93 266 
2 16 267 
2 108 207 
4 107 162 266 272 
3 17 95 151 
3 138 195 274 
3 27 187 266 
3 4 39 162 
2 35 169 
2 35 130 
2 180 229 
5 17 73 81 94 250 
2 108 197 
2 47 183 
2 110 207 
2 138 195 
2 72 198 
2 33 143 
2 113 230 
2 207 266 
2 241 275 
2 35 207 
2 95 151 
2 99 240 
3 107 108 123 
2 132 157 
2 95 250 
2 162 266 
2 17 95 
2 17 47 
3 17 47 95 
2 81 183 
3 39 187 272 
5 2 46 74 103 161 
7 39 93 104 162 186 187 272 
2 73 94 
2 64 252 
2 17 47 
2 22 276 
2 47 183 
2 169 248 
2 152 191 
2 27 187 
2 35 93 
2 47 183 
2 187 197 
3 20 151 250 
2 81 183 
2 93 104 
3 138 195 274 
2 20 250 
2 35 230 
2 81 95 
3 40 152 242 
3 33 138 195 
2 95 151 
2 47 81 
2 47 77 
6 27 39 62 98 211 248 
3 81 94 95 
2 17 95 
2 77 95 
5 20 73 94 151 250 
2 95 184 
2 17 81 
2 73 95 
2 20 250 
2 6 99 
2 17 47 
2 1 117 
2 73 94 
5 104 162 186 187 207 
3 17 95 250 
2 95 151 
2 73 183 
4 17 47 81 183 
2 73 151 
2 151 250 
2 231 249 
2 95 134 
2 73 94 
2 145 278 
2 47 81 
2 95 250 
3 72 241 275 
2 81 94 
2 17 95 
2 1 242 
4 20 81 95 250 
2 184 250 
2 207 277 
2 52 254 
2 73 151 
3 17 151 250 
4 17 47 95 183 
3 73 94 183 
3 14 178 199 
2 215 248 
6 20 73 77 81 94 151 
2 6 99 
2 17 250 
3 17 47 95 
3 27 162 197 
5 36 56 62 101 272 
2 81 95 
2 47 81 
2 47 81 
2 20 250 
2 81 224 
2 47 95 
2 47 94 
2 47 250 
2 201 249 
8 36 84 113 147 179 209 246 272 
3 39 62 248 
2 77 81 
2 20 151 
2 95 151 
2 108 197 
2 73 95 
2 81 180 
2 81 95 
2 151 250 
2 17 81 
4 1 101 206 209 
2 184 250 
5 17 47 77 95 183 
3 17 81 95 
2 17 94 
4 159 171 172 181 
2 47 183 
4 73 81 151 250 
3 17 47 95 
2 95 250 
3 14 199 260 
2 73 183 
2 17 95 
2 17 47 
2 49 121 
2 94 95 
3 93 113 230 
2 213 232 
2 180 184 
4 20 81 151 250 
2 17 47 
2 73 94 
2 180 250 
2 89 232 
3 60 166 238 
4 17 70 81 95 
2 17 180 
2 94 95 
4 17 94 95 183 
2 17 81 
3 17 95 151 
5 39 162 168 186 207 
2 166 238 
2 81 183 
2 110 123 
2 47 81 
2 47 250 
2 27 211 
3 73 81 95 
2 35 162 
3 126 207 212 
2 73 95 
3 17 151 250 
2 81 94 
4 17 81 94 95 
2 17 81 
2 17 151 
33 1 11 14 28 61 63 71 109 113 117 121 154 159 161 164 171 172 176 178 180 183 189 209 210 216 218 231 242 245 246 260 268 279 
2 89 213 
3 95 151 250 
2 117 231 
2 20 151 
2 108 123 
2 102 207 
2 198 275 
3 113 207 266 
2 17 81 
2 187 207 
2 35 207 
2 20 77 
3 17 47 94 
14 3 15 18 29 85 115 117 145 152 191 201 231 242 255 
2 180 184 
4 20 73 151 250 
2 207 223 
2 98 248 
2 77 81 
2 65 266 
3 39 43 266 
2 89 213 
2 73 95 
3 47 73 81 
2 130 207 
2 62 93 
2 162 187 
2 241 275 
2 107 207 
4 93 113 207 230 
4 93 119 130 187 
2 43 162 
3 81 95 250 
2 153 249 
2 95 151 
2 10 97 
2 79 209 
2 110 113 
2 99 247 
2 51 195 
3 104 107 162 
2 99 247 
2 162 187 
3 94 95 151 
2 81 95 
2 47 94 
2 95 250 
2 33 274 
2 17 47 
2 47 81 
2 99 161 
2 117 242 
8 36 101 155 159 169 218 238 263 
2 117 152 
2 17 47 
2 20 151 
2 198 241 
2 47 183 
2 99 161 
9 52 68 87 140 204 207 242 266 270 
2 152 242 
3 33 138 195 
2 95 183 
2 17 95 
2 40 273 
2 33 274 
2 152 273 
2 17 47 
3 17 47 81 
2 151 250 
3 123 136 212 
2 108 207 
2 113 230 
2 17 250 
2 118 231 
2 73 151 
4 117 140 153 219 
2 85 139 
3 142 185 222 
2 98 211 
2 93 165 
2 81 183 
2 81 151 
2 152 278 
2 93 230 
2 139 252 
2 1 117 
2 8 252 
3 27 266 272 
2 65 108 
2 202 250 
2 60 238 
2 107 272 
4 20 47 81 250 
2 17 81 
2 60 156 
2 187 207 
2 198 241 
2 195 274 
2 17 81 
2 159 279 
2 17 250 
2 110 266 
2 2 94 
2 17 47 
3 60 156 166 
2 17 94 
2 162 197 
2 60 166 
2 89 213 
2 20 250 
2 197 207 
2 207 266 
2 89 232 
2 198 275 
2 94 95 
7 27 104 108 187 207 266 272 
2 198 275 
2 136 239 
2 119 130 
2 20 151 
4 27 39 186 207 
3 4 35 239 
2 130 248 
2 20 151 
3 162 207 266 
3 93 119 162 
2 85 115 
5 148 156 166 171 238 
2 55 157 
2 47 69 
2 151 178 
2 6 99 
2 89 232 
2 73 81 
2 51 157 
6 44 93 113 210 230 244 
8 27 39 93 104 108 186 187 207 
2 51 195 
2 44 113 
2 156 238 
4 18 153 191 231 
2 89 213 
2 104 119 
4 27 104 187 207 
2 110 169 
2 121 124 
2 207 272 
3 20 151 183 
7 27 93 101 113 169 207 230 
2 20 250 
2 162 207 
2 81 183 
2 20 151 
2 14 260 
3 104 162 187 
2 81 95 
2 20 250 
3 18 153 219 
3 35 110 162 
2 18 268 
2 151 251 
2 73 216 
3 44 83 234 
2 51 138 
2 92 271 
2 183 250 
2 65 207 
3 20 151 250 
2 20 151 
2 165 168 
4 60 156 166 238 
4 20 47 57 151 
3 2 151 250 
3 35 207 230 
2 116 160 
2 20 151 
2 59 70 
2 47 94 
2 213 232 
2 110 123 
2 94 151 
2 117 273 
2 73 183 
2 198 275 
2 207 266 
2 123 207 
2 151 183 
2 70 199 
4 151 159 221 250 
5 21 23 67 220 235 
2 20 250 
2 33 51 
2 113 207 
2 151 250 
2 64 252 
2 151 250 
2 161 199 
2 25 257 
2 178 260 
2 123 136 
2 151 250 
2 1 231 
3 44 62 98 
2 213 232 
3 60 166 238 
2 137 208 
5 109 151 163 222 245 
2 18 153 
3 60 166 238 
2 117 242 
2 35 207 
2 118 201 
2 93 122 
3 151 184 250 
5 27 104 186 187 266 
2 39 162 
3 33 138 274 
2 32 214 
11 27 80 101 107 110 161 187 197 253 263 272 
2 70 250 
3 43 113 207 
3 123 136 212 
2 213 232 
2 136 212 
2 145 217 
2 92 115 
2 137 208 
2 73 151 
2 104 272 
2 33 195 
2 18 153 
2 161 178 
2 35 187 
5 39 104 162 187 272 
2 35 165 
3 213 232 257 
2 14 199 
2 166 238 
3 20 151 216 
2 89 213 
2 73 94 
3 64 89 213 
4 33 51 195 274 
2 73 151 
2 138 256 
3 156 166 238 
3 13 99 240 
2 65 266 
2 24 185 
3 27 162 207 
2 20 250 
2 151 250 
5 39 104 162 207 272 
2 151 250 
2 85 252 
2 151 250 
2 65 266 
3 20 151 250 
2 89 213 
2 107 230 
2 32 85 
4 14 59 90 199 
2 117 152 
2 20 151 
2 4 207 
2 228 230 
2 59 161 
6 21 23 86 220 235 269 
2 2 151 
2 122 169 
3 138 195 274 
2 207 266 
2 113 210 
9 4 39 65 108 123 162 186 207 272 
3 35 43 110 
3 39 104 272 
3 30 213 232 
2 108 123 
2 180 250 
2 207 212 
6 104 123 126 207 212 266 
2 59 178 
2 26 243 
4 27 43 186 211 
2 151 250 
2 98 248 
2 250 251 
2 207 211 
2 110 169 
2 73 94 
6 104 126 136 207 212 266 
2 151 250 
2 93 197 
2 14 178 
6 93 107 162 187 207 266 
2 9 146 
3 27 108 110 
2 73 94 
3 33 51 274 
2 197 266 
4 27 162 187 272 
2 5 178 
2 110 131 
3 162 207 272 
3 49 85 121 
2 197 233 
2 50 218 
2 73 109 
3 33 138 195 
3 60 156 166 
2 211 234 
3 138 195 274 
2 213 232 
2 27 44 
2 134 137 
2 169 207 
4 93 162 186 207 
5 128 156 166 171 238 
3 104 108 266 
2 138 195 
2 163 222 
2 75 167 
3 4 136 207 
2 41 195 
3 33 195 274 
6 30 64 85 132 242 257 
2 123 233 
2 213 232 
3 73 151 250 
2 151 250 
4 44 123 136 197 
2 161 199 
4 8 96 236 237 
3 156 166 238 
2 162 207 
3 187 207 272 
2 51 195 
3 94 151 250 
6 113 162 187 210 244 272 
2 117 145 
2 198 275 
2 92 271 
2 198 275 
4 33 51 138 195 
2 177 279 
2 207 211 
2 117 145 
2 126 136 
2 48 100 
2 33 195 
3 88 124 214 
2 108 162 
2 104 162 
2 162 187 
3 27 107 113 
5 65 98 113 187 207 
2 27 266 
6 123 126 162 187 212 266 
2 113 119 
2 36 187 
3 51 138 274 
2 198 241 
2 136 212 
2 113 210 
2 33 138 
2 213 232 
2 93 162 
3 43 162 187 
2 44 113 
4 33 51 138 195 
4 33 51 138 195 
2 93 187 
2 139 252 
2 125 141 
2 35 197 
2 198 241 
3 104 162 187 
2 108 207 
4 33 138 195 271 
2 134 137 
2 27 165 
2 56 188 
2 169 248 
2 9 51 
3 151 178 260 
3 195 271 274 
3 207 266 272 
2 64 252 
2 33 274 
2 16 64 
3 107 169 211 
2 35 187 
2 89 213 
3 35 107 230 
2 51 195 
4 44 110 130 169 
5 21 23 67 220 269 
2 65 266 
2 89 213 
3 27 104 108 
2 207 266 
2 123 207 
2 213 232 
2 266 272 
4 108 162 207 212 
4 39 162 186 187 
2 27 207 
2 35 169 
2 98 169 
2 156 166 
4 35 130 207 234 
2 104 280 
2 89 213 
2 51 55 
4 93 104 130 187 
2 93 110 
2 162 187 
3 27 93 211 
2 138 195 
2 118 231 
2 4 207 
3 93 174 253 
2 162 272 
2 89 252 
2 4 65 
4 33 138 195 274 
2 131 230 
2 89 232 
2 39 162 
3 27 162 197 
2 117 145 
2 162 187 
2 60 166 
2 65 207 
2 51 138 
2 93 113 
2 1 118 
5 93 113 187 207 223 
2 27 272 
2 156 238 
