[[  1.16061546e-01   7.10572600e-02   2.42797554e-01  -7.99803138e-02
    1.88642904e-01   1.42334566e-01  -2.88102422e-02  -2.17258558e-02
   -1.71688423e-01  -8.12786520e-02   1.68263257e-01   1.32520542e-01
   -1.41988069e-01   1.72855109e-01  -4.38392125e-02   4.94196899e-02
    2.24689052e-01  -1.44877195e-01   2.03048334e-01  -1.25881419e-01
    1.04457438e-01  -2.53200717e-02   1.18976451e-01  -3.76887545e-02
   -1.78958058e-01  -1.74531162e-01   4.95168157e-02   1.56711601e-02
    7.87980040e-04  -1.85378008e-02  -7.08002970e-02  -3.60555425e-02
   -1.68514550e-01  -3.97901163e-02  -1.13115452e-01   2.25592613e-01
   -2.61713564e-02   1.09459005e-01   7.20078126e-03   1.28179759e-01
    5.35565652e-02   2.73814965e-02   9.34824497e-02  -6.52062371e-02
   -7.76542127e-02  -1.97849926e-02  -8.10148343e-02  -8.74988139e-02
   -2.28104189e-01   5.78620769e-02]
 [ -1.83684781e-01   1.44053221e-01  -8.38717297e-02  -1.82325542e-01
    1.00677356e-01   1.16312921e-01   8.15737322e-02   1.34923831e-01
    1.27440408e-01  -4.27134521e-02   1.21293649e-01   1.13051444e-01
    1.77992523e-01  -4.17828634e-02   1.05880573e-01  -7.37972185e-02
    2.42643520e-01  -6.00729547e-02   1.65389821e-01   1.52833119e-01
    5.87349199e-02  -2.03721315e-01   6.66459575e-02  -7.36015886e-02
   -1.92063466e-01  -8.65688249e-02   2.24884585e-01   2.85123195e-02
   -1.45958856e-01  -3.15018650e-03   1.15312614e-01   8.12359974e-02
    1.15944736e-01  -1.26468807e-01  -1.16920834e-02  -6.11131713e-02
   -1.57452196e-01   3.45828123e-02  -1.63681403e-01   5.54322489e-02
    8.86594951e-02  -9.30470526e-02   9.35395528e-03  -7.76445717e-02
    6.66023642e-02  -1.70693025e-01   1.83259279e-01   1.61042377e-01
   -1.74358711e-01  -2.02441141e-01]
 [  2.24993408e-01  -4.00379971e-02  -3.06381565e-02  -1.30736023e-01
   -1.12705551e-01   4.63875942e-02   1.68905318e-01   2.00435773e-01
    1.92349881e-01  -2.83295289e-02  -1.01104483e-01   5.56644015e-02
    8.36870670e-02   3.12223397e-02  -1.32500380e-01  -1.58872500e-01
    7.71910846e-02   6.43678308e-02   1.49049714e-01   1.48887798e-01
    1.17503047e-01   8.59486535e-02  -5.62185002e-03  -1.43791467e-01
   -5.49814999e-02   1.14721740e-02  -6.06340691e-02  -2.78532272e-03
    3.35803330e-02  -6.47017658e-02   1.91382751e-01  -1.25021487e-01
    2.01709062e-01   1.02395169e-01  -1.69265330e-01  -1.91801533e-01
   -1.23804063e-01  -1.03215672e-01  -1.58331648e-01   1.10506751e-01
   -1.19318850e-01  -1.24332331e-01  -6.63660094e-02   1.52787358e-01
   -8.83803330e-03   3.46913002e-02   7.08569363e-02   1.66039214e-01
    1.19216003e-01  -9.56287012e-02]
 [  1.61213458e-01   1.06305078e-01   2.31583297e-01   1.56426772e-01
    7.88575038e-02   2.88276095e-02   1.67349279e-01  -1.69830546e-01
    1.29865378e-01  -4.83214930e-02  -4.11377959e-02   7.73591697e-02
    1.60986751e-01   1.98820814e-01  -1.60918400e-01  -9.23643559e-02
   -2.01285675e-01  -1.67426199e-01  -8.20025951e-02   2.64466628e-02
    3.61891370e-03   3.01812366e-02   6.95310012e-02  -2.86947861e-02
   -1.43696919e-01   2.02503040e-01   7.04739466e-02  -1.95728347e-01
    8.69772583e-02   2.05141604e-01  -1.33840740e-01  -1.78870395e-01
   -4.96841446e-02   5.23332506e-02   4.59680101e-03   1.59163520e-01
   -1.60032734e-02   2.60817353e-02   1.52730674e-01  -1.17152773e-01
    2.07758605e-01   2.19381630e-01   1.29161775e-01  -5.07842749e-03
   -1.65120676e-01   1.16468549e-01   1.55397877e-01   9.69617516e-02
   -1.57589689e-01   1.02651613e-02]
 [ -1.04720823e-01   2.11396411e-01  -9.83393043e-02   6.20530844e-02
   -1.12872675e-01   1.28220484e-01   2.62816604e-02  -1.97549611e-01
    5.21672852e-02   6.43958151e-02   1.34877441e-02   2.14884803e-01
    2.08111316e-01  -1.04193792e-01  -6.02749214e-02  -1.10057078e-01
    9.30620059e-02   1.58290192e-01   1.70922428e-01   1.88501775e-01
    2.12181881e-02  -2.38189846e-02  -2.74808239e-03   8.40923637e-02
    4.16720286e-02   1.67727649e-01   1.62241105e-02  -1.58982322e-01
    3.08532473e-02   3.56234275e-02  -4.65584919e-02   1.37588203e-01
   -7.84394294e-02   7.66043961e-02   4.43453975e-02  -1.60488635e-01
   -1.88234940e-01   1.58004642e-01  -1.58824384e-01   9.43717211e-02
    1.78598538e-01   2.08585873e-01   1.54876351e-01   8.05504844e-02
   -6.49691150e-02   1.08127221e-01  -1.64101869e-02   2.28510857e-01
    1.78571984e-01   1.24623366e-01]
 [  1.48239210e-01   2.91155046e-03   4.86084260e-02   7.94073939e-02
   -9.54606757e-02   5.88406548e-02  -1.88318059e-01  -1.64060891e-01
   -1.28930463e-02  -2.62513440e-02   8.02890807e-02  -9.32262186e-03
    1.81186885e-01  -1.31277293e-01   1.56286851e-01  -1.50316879e-01
   -2.01118454e-01  -1.75412804e-01  -9.92789194e-02  -5.81720062e-02
   -4.00826149e-02  -8.27196389e-02  -1.38760075e-01   3.17776911e-02
    1.08483061e-01   1.85182318e-01   1.01728752e-01  -2.12501049e-01
   -1.33453989e-02   2.52696201e-02   2.30766878e-01   9.72512513e-02
   -1.16536364e-01  -1.76276743e-01   2.01511979e-01   6.20606169e-02
   -1.52487487e-01  -2.05313135e-03  -9.86239910e-02   1.88545793e-01
    1.21935725e-01  -8.28777775e-02  -1.34598002e-01  -1.27845928e-01
    6.24965765e-02  -1.74468562e-01   1.16077224e-02   5.59570529e-02
    1.29641041e-01   3.15436423e-02]
 [  1.75847754e-01  -1.27945080e-01   1.32887095e-01   4.61148620e-02
    1.66992635e-01   1.16414994e-01  -1.87042311e-01  -7.61425719e-02
   -5.76800965e-02  -2.13051245e-01   1.46404887e-02   1.51587665e-01
   -1.29375001e-02   1.68800041e-01  -1.10831007e-01  -5.70329614e-02
   -5.25786132e-02   2.20982701e-01   1.67445272e-01   1.46189198e-01
   -7.16321394e-02  -4.72794287e-02  -5.22827022e-02   3.36599350e-02
   -1.98831856e-01   1.28572006e-02   1.80148900e-01  -1.61087021e-01
   -1.61109090e-01  -3.25147179e-03  -1.06214449e-01   1.99283287e-01
   -1.16277613e-01   1.68753359e-02   1.98060051e-01   4.04993780e-02
   -1.31723970e-01  -6.37218803e-02   1.52848691e-01  -1.29619032e-01
    1.40275776e-01   6.25714287e-02   1.73055679e-01   6.98439553e-02
   -1.74928933e-01   2.30200812e-01  -8.40281472e-02  -1.93998873e-01
    1.14494622e-01   1.88949361e-01]
 [ -1.20568700e-01   2.18600735e-01  -7.86756352e-02  -7.79208019e-02
   -1.11072347e-01  -1.59283057e-01  -1.10824578e-01   1.70183539e-01
   -2.92306095e-02  -1.13219090e-01  -1.39474168e-01  -3.64339165e-02
   -5.71184568e-02  -2.18497477e-02   1.26299600e-03  -7.61920139e-02
   -1.90537140e-01  -5.49277710e-03  -5.22412453e-03  -5.99036664e-02
   -1.59503892e-01  -6.55099633e-04   5.39892353e-03  -1.71954632e-01
    1.21632561e-01   6.88438341e-02   1.76112726e-01  -1.23821527e-01
   -1.58409253e-01   1.73346788e-01   9.44065377e-02   6.47252053e-02
    1.56131461e-01  -2.13414937e-01  -1.05915248e-01  -1.71380401e-01
    1.28662214e-01  -9.01346579e-02   1.74213767e-01   1.24481104e-01
    1.74013808e-01  -1.56286731e-01  -1.72321230e-01   1.04837716e-01
   -1.70037299e-01   2.27141846e-02  -9.22680795e-02  -3.56317335e-03
   -5.49540818e-02  -1.18187852e-01]
 [  6.53427839e-02  -2.37176448e-01  -4.64181900e-02   2.25603953e-02
    1.12210929e-01   3.93535756e-02  -5.57740554e-02  -1.86133504e-01
   -1.19278021e-01   6.94918185e-02  -6.74977601e-02  -8.98834690e-02
    1.40425757e-01  -1.56184367e-03   2.12312564e-01  -2.40300503e-03
   -9.33968052e-02   1.24788985e-01   1.51824161e-01  -7.75895547e-03
   -1.23084813e-01  -3.80830877e-02   1.79547265e-01  -8.15068930e-02
   -1.41924679e-01  -2.06967160e-01   7.20334798e-02  -8.26661736e-02
   -1.78536102e-01   1.00830369e-01   1.70727238e-01  -8.89916047e-02
    9.52882469e-02   6.71833158e-02   1.95909590e-01   1.48476541e-01
    4.30711769e-02  -6.79385215e-02  -1.26215080e-02   1.31003380e-01
    5.62875234e-02   9.50414911e-02   3.13237198e-02  -3.10776997e-02
    1.13955745e-02   1.10614792e-01   1.11264504e-01  -7.15541840e-02
   -8.82124752e-02  -8.72844607e-02]
 [ -1.26626983e-01  -2.21545994e-02   5.49658854e-03  -3.46130058e-02
   -5.96003458e-02   6.71996549e-02  -1.76444590e-01  -6.08247966e-02
    1.59359679e-01   1.73478812e-01   1.59914955e-01   6.34191930e-02
    4.03083190e-02   1.78618371e-01   1.83918849e-01  -5.32968901e-02
   -1.77377000e-01   1.79773703e-01   1.32866487e-01   7.74695426e-02
   -6.59049004e-02   1.14953846e-01  -2.57240254e-02   3.55899483e-02
   -8.61779451e-02   1.89749330e-01   1.48373172e-01  -1.39609680e-01
   -1.26687154e-01   1.20106377e-01   1.34558663e-01   8.70325118e-02
    1.15990430e-01   1.86733544e-01  -2.03161597e-01   1.93198562e-01
    1.61129862e-01  -3.60836298e-03   2.93083843e-02   1.77135810e-01
    1.56316355e-01   1.73955902e-01   1.33830920e-01   1.21317387e-01
    5.38144708e-02  -1.80305362e-01   1.69551387e-01   2.25227356e-01
   -7.01921731e-02  -5.56588359e-02]
 [  5.67184798e-02   7.68643096e-02  -7.58897960e-02  -1.20531684e-02
    2.22744390e-01   3.52790840e-02  -8.61734003e-02   6.76655173e-02
   -1.83778197e-01   1.52086288e-01  -6.74498230e-02   3.40603665e-02
    7.59735471e-03   4.61492427e-02  -1.79862052e-01   7.25225732e-02
    7.65565783e-03  -1.08909875e-01   1.88637361e-01   1.01949319e-01
    1.02362514e-01   2.29553387e-01   7.36189857e-02   1.73573136e-01
    2.02238217e-01  -1.06121667e-01   2.17588052e-01   2.14859217e-01
    1.39275745e-01   1.51273057e-01   7.60336816e-02   2.02530712e-01
    3.97038460e-02   2.16197938e-01  -1.86674565e-01   3.10253222e-02
    8.09381902e-02   5.02668880e-02   2.32591212e-01  -8.37537646e-02
    1.33448198e-01  -9.84301195e-02  -4.51698378e-02  -1.64659154e-02
   -1.14910647e-01  -8.70296434e-02   1.40684858e-01   1.59740031e-01
    1.33591279e-01  -1.74598560e-01]
 [  2.07162827e-01  -5.18434122e-02   1.48338690e-01  -1.16129607e-01
    4.59756032e-02  -1.75296992e-01  -1.56404242e-01   3.37447561e-02
    2.15739980e-02   1.76202878e-01  -7.14806914e-02  -1.44906272e-03
    2.63126064e-02  -5.57465851e-02  -4.06701714e-02   1.63851574e-01
    1.60733029e-01   1.88852981e-01   1.32084966e-01   7.06449822e-02
   -6.27349168e-02   1.07229307e-01   4.33426648e-02  -2.09609643e-01
   -4.30127094e-03  -2.19311882e-02   1.77650943e-01  -5.39155826e-02
   -1.46190822e-01   1.83471553e-02   9.78519842e-02   1.08938932e-01
    1.78387299e-01   1.41334221e-01  -1.10065512e-01  -1.85044259e-01
   -1.06626712e-01  -1.23130552e-01   9.43174809e-02  -2.53893714e-02
    1.60575971e-01   3.22891399e-02   5.38352355e-02   3.52091789e-02
    5.41350469e-02  -1.18377157e-01  -8.60251486e-02   1.09523736e-01
    9.23848711e-03   1.55933708e-01]
 [ -1.35034144e-01  -7.04853162e-02  -8.34176242e-02   3.47886942e-02
   -4.34244350e-02   2.45095775e-01  -2.13320609e-02   5.65845035e-02
    1.97003946e-01  -1.26374021e-01  -1.32323369e-01   1.17309883e-01
   -1.50451260e-02   1.59093775e-02   9.44661424e-02  -1.36453092e-01
    1.93992838e-01  -2.44941767e-02  -1.23210646e-01   1.15584277e-01
    2.02167094e-01  -1.37743011e-01  -1.59526706e-01  -7.93879703e-02
    5.79875894e-03  -1.93100929e-01  -5.31161483e-03  -1.35291204e-01
   -9.30187702e-02  -1.70343727e-01  -2.14740094e-02  -1.09145746e-01
   -1.88263357e-02  -1.26843667e-02   1.77028179e-01   1.50899127e-01
    1.94891378e-01   8.53847861e-02   5.64954616e-02   5.12275025e-02
    1.67389080e-01   2.23961413e-01   5.78778833e-02   1.46821989e-02
   -8.00289363e-02   1.81705058e-01  -1.35231286e-01  -5.56022413e-02
   -5.59193306e-02  -3.26854140e-02]
 [  1.24430554e-02  -1.24104833e-03  -1.46461874e-01   2.06714571e-02
   -1.21250734e-01   1.78824887e-01   3.76137607e-02   1.20172508e-01
   -1.09205477e-01   1.71069473e-01   1.61458462e-01   1.44556716e-01
   -6.19399622e-02   1.73863694e-01  -1.47857964e-01  -1.53527573e-01
   -1.61053985e-01   1.61704198e-01   1.71048164e-01   8.93547833e-02
   -1.34864762e-01  -1.84294850e-01  -1.39351517e-01  -3.87718864e-02
    2.03780979e-01  -9.54404622e-02  -8.28021616e-02  -1.58898234e-01
    7.57047758e-02  -7.67193362e-02   1.59278676e-01  -1.39112025e-01
    3.58377434e-02  -1.89868584e-01   1.98856920e-01   1.95346832e-01
    9.94494036e-02  -1.24296054e-01  -1.52776808e-01  -3.69992293e-03
    2.15346627e-02  -1.96354732e-01   7.57391378e-02   1.37039572e-01
    9.97888967e-02   1.46409616e-01  -2.06292823e-01   1.30539328e-01
    9.25142094e-02   1.02085665e-01]
 [  1.61727190e-01   1.67680919e-01   1.44801617e-01  -7.48939961e-02
    8.40264186e-03  -7.04714432e-02  -3.08060050e-02  -2.04261437e-01
    1.10498546e-02   2.24499241e-01   1.08578786e-01  -5.47211841e-02
    1.78698286e-01  -1.28325894e-01   4.97017950e-02  -1.62737533e-01
    1.69095680e-01  -1.39890714e-02   7.59552345e-02   1.22105986e-01
   -1.45076454e-01  -9.06574130e-02  -1.96527853e-03   1.11888453e-01
   -9.60701779e-02   1.27612129e-01  -6.44143447e-02   1.77344784e-01
   -5.68297952e-02  -9.02344137e-02  -9.38875154e-02   8.21182802e-02
    2.15296187e-02   2.02118069e-01   5.41807115e-02  -9.92751867e-02
   -8.78853053e-02  -1.43278897e-01  -1.50063202e-01  -1.04000140e-02
   -1.65539339e-01   1.61225498e-01   5.10241091e-02   1.19739823e-01
   -1.50353506e-01  -1.84470773e-01  -1.91243723e-01   1.34317160e-01
    2.09487304e-01   8.45765974e-03]
 [  3.56801227e-02   1.01854838e-01  -1.34508744e-01   1.04677439e-01
    1.30935088e-01   3.09261922e-02   2.36077487e-01   8.67358819e-02
   -7.13131437e-03   6.41120821e-02  -1.73010647e-01   9.05464292e-02
   -1.65289402e-01  -1.38905212e-01  -3.68643627e-02   1.20906085e-01
    2.04533532e-01   1.04058087e-02  -1.13978028e-01  -1.32318214e-01
    1.55106634e-01  -8.14086050e-02  -2.07998559e-01   7.24933594e-02
   -2.22924724e-03   2.26386055e-01   8.77185538e-02  -1.10400327e-01
   -1.90671310e-01   1.79950908e-01   8.05800483e-02   9.04209912e-02
    1.96807906e-01   4.15174663e-02  -1.34840325e-01  -4.00845483e-02
    1.09418109e-01  -1.41837195e-01   6.77299574e-02  -1.49860889e-01
   -1.25943705e-01  -1.17156953e-01  -2.02605173e-01  -1.18262611e-01
   -2.21443787e-01   1.66092485e-01   4.08531353e-02  -1.26602650e-01
    1.86203301e-01  -1.37730436e-02]
 [  1.15038507e-01   1.90661177e-01   1.13506347e-01   1.46607021e-02
   -1.20055526e-02   8.53375793e-02   7.19368979e-02   1.47220701e-01
   -1.49527416e-01  -1.36034861e-01   1.86612412e-01   1.86214484e-02
    1.15407892e-01  -1.66648760e-01   2.24512696e-01   4.50174883e-02
   -9.87455919e-02   6.18938059e-02  -1.17893547e-01   4.05745730e-02
   -1.57589808e-01  -6.31733313e-02   2.44227156e-01   1.87072441e-01
    1.13050051e-01  -5.86095415e-02  -1.20190419e-01   1.15313858e-01
    6.26056716e-02  -3.01305130e-02  -6.30542869e-03   1.62303016e-01
   -1.06943995e-01   1.11376353e-01  -1.29075393e-01   1.38310254e-01
    1.94793656e-01   1.15550987e-01  -9.28017572e-02   1.27445817e-01
    2.31481984e-01   1.29227698e-01  -1.75615951e-01   1.00062385e-01
   -9.81207192e-03  -3.48246358e-02  -1.47646755e-01  -7.10271522e-02
   -1.88220382e-01   2.57099897e-01]
 [  3.06618419e-02  -1.02222435e-01  -1.59139886e-01   2.22369581e-01
    1.48207501e-01  -1.63374320e-01   9.95501131e-02   1.40414789e-01
   -1.31810889e-01  -8.88011232e-02   1.68111220e-01   1.05640128e-01
    1.07444704e-01  -1.78859264e-01  -4.82305735e-02   1.46571264e-01
    9.32402015e-02   1.60523318e-02   1.24439225e-01   1.73874393e-01
   -6.65834695e-02   9.36776474e-02  -6.05853535e-02  -3.01145930e-02
   -3.58465575e-02   6.12552166e-02   4.19495627e-02   5.85816875e-02
    1.57264814e-01  -1.35273635e-01  -1.28021970e-01   7.65675977e-02
    2.18118966e-01  -1.35321826e-01  -1.65912881e-01   1.80832043e-01
    8.10648501e-02  -2.08315060e-01  -2.53711268e-02   1.94628716e-01
    1.59363121e-01  -1.38653710e-01   1.34765208e-01  -1.38374880e-01
    2.83394493e-02  -1.57603279e-01   1.02406383e-01  -1.40101179e-01
    1.18637132e-02   5.46773560e-02]
 [  1.41644195e-01  -7.43386820e-02  -5.81833394e-03   1.94452971e-01
    2.92186048e-02  -5.35981767e-02  -1.09424338e-01   1.95378378e-01
    6.73121214e-02  -1.52698085e-01  -8.40759799e-02  -1.08570397e-01
    3.67756262e-02   1.76163197e-01  -1.19261943e-01  -1.33233398e-01
   -1.35576293e-01  -5.88837266e-02  -8.41880776e-03  -5.95646948e-02
   -2.28312630e-02   5.31954430e-02  -8.71930867e-02  -6.89903572e-02
   -1.43567950e-01  -8.19565281e-02  -2.07065895e-01   1.13514578e-02
   -2.04840988e-01   5.58399558e-02  -8.75692442e-02   2.31557429e-01
    1.07395742e-03   7.88132921e-02   1.24883391e-01  -1.15548879e-01
    1.21435942e-02   1.00196600e-01   1.59048557e-01   2.15520218e-01
   -1.59657419e-01  -1.27520502e-01  -1.00663513e-01  -1.44304335e-01
   -3.17287706e-02  -1.24116860e-01   4.71569225e-02  -4.11662385e-02
    1.83701262e-01   9.00372490e-02]
 [ -4.00807671e-02  -3.54501829e-02  -9.05857384e-02  -1.47404596e-01
   -1.42526895e-01   5.09922206e-02   1.25986278e-01   1.20546632e-01
   -5.57966940e-02  -2.25692205e-02   3.48142572e-02   1.00130416e-01
    2.10947782e-01   2.96533834e-02  -1.88889846e-01   5.61598502e-02
   -1.33523375e-01  -3.62957492e-02   1.04955018e-01   1.01295020e-02
    1.68137506e-01   1.03862695e-01   1.33063659e-01   7.13296458e-02
    3.26630883e-02  -1.56100303e-01   2.10071847e-01  -1.40834153e-01
   -2.75604203e-02   1.52553758e-02   5.87006211e-02   7.73053337e-03
   -1.76095948e-01   1.31296232e-01  -2.42552180e-02   1.40520230e-01
    1.04919806e-01  -1.02161303e-01  -1.03714697e-01   1.16588138e-01
    2.07642347e-01   7.08967671e-02   9.62517783e-02  -5.62794656e-02
   -9.66012552e-02   2.95117572e-02   1.29763156e-01  -7.44334683e-02
   -1.65406436e-01   7.13817775e-02]
 [  1.95284426e-01  -7.32764676e-02  -2.14266255e-01   4.31395285e-02
    2.19413385e-01   1.53213337e-01  -8.35620165e-02   2.24096760e-01
    1.13981783e-01   2.23826125e-01  -1.78216979e-01   1.25920534e-01
   -9.04833600e-02  -1.54452235e-01   8.29402953e-02   2.03508977e-02
    7.17158392e-02   1.82662278e-01  -1.26352072e-01  -4.99230660e-02
   -7.64456205e-03  -1.34917527e-01  -5.18019758e-02  -1.05096802e-01
    2.95825787e-02   3.49667817e-02   5.94093949e-02  -1.77429274e-01
    1.43198282e-01   1.47444025e-01   3.51291150e-02  -2.37894356e-02
   -1.76063534e-02  -1.13007382e-01  -1.42065644e-01  -6.41578883e-02
    1.62753761e-01   1.61339819e-01   9.54235122e-02  -1.94205225e-01
   -1.37966527e-02   1.12609901e-01  -1.19751003e-02   1.42971143e-01
    7.29795620e-02  -1.56026661e-01  -1.22667000e-01   1.51541367e-01
   -1.98602334e-01  -1.26065284e-01]
 [ -6.01630881e-02  -1.34410888e-01   6.11011833e-02  -1.36546388e-01
    7.53191719e-03  -2.04550222e-01   7.42483437e-02   1.12761231e-02
    1.53421238e-01  -5.58858663e-02   9.48616304e-03  -1.08471051e-01
   -1.41168997e-01   1.31720901e-01   1.41717732e-01   2.55886205e-02
    3.27958427e-02  -6.52468950e-02   1.34739920e-01   4.62738313e-02
    1.03374504e-01   1.52250499e-01   2.13314787e-01  -1.41870707e-01
   -8.21654573e-02   1.68601006e-01   7.35225081e-02   6.14338517e-02
   -4.25627902e-02   3.71737145e-02  -1.24617899e-02   7.38803670e-02
   -7.84078464e-02  -1.10975042e-01  -5.11466898e-02  -1.40726328e-01
    2.11819097e-01  -2.03257073e-02  -7.56584555e-02  -6.06004521e-02
   -4.53411043e-02  -7.85642490e-02   3.11006214e-02   6.76749274e-02
   -9.42950174e-02   1.58426404e-01   2.40522041e-03   1.65912416e-02
    1.13836519e-01   1.85704738e-01]
 [ -1.12071805e-01   1.34561092e-01  -3.16219032e-02   2.18351454e-01
    1.02348953e-01  -1.22933157e-01   5.08242920e-02   7.83777162e-02
    2.13871732e-01  -3.64702567e-02   7.31412098e-02   1.06135286e-01
    1.45020440e-01   4.21337485e-02   2.09579974e-01  -3.53058986e-02
   -3.72062102e-02  -9.94511768e-02  -2.39049681e-02  -2.09948495e-02
   -1.60653561e-01   1.13009229e-01  -1.33998081e-01   1.54238092e-02
   -6.68225735e-02   3.73362154e-02  -9.73391309e-02   5.75061701e-02
    1.22995190e-01  -1.23555444e-01   4.38674018e-02  -1.14427894e-01
    8.32349658e-02   2.37018988e-01   1.60032645e-01  -1.21910505e-01
   -8.26583505e-02  -1.70606539e-01  -6.72775209e-02   8.62160698e-02
    9.43047702e-02   9.45894793e-02  -2.77845208e-02  -4.45526242e-02
   -1.75318047e-01  -1.52272254e-01  -3.90877156e-03  -9.27762538e-02
    2.19433069e-01  -1.99815854e-01]
 [ -8.87202797e-04   1.87993541e-01  -5.38495854e-02   8.46389756e-02
    2.22576201e-01  -1.25368927e-02   9.68391523e-02   1.97949320e-01
   -3.29409540e-02   4.84580062e-02  -1.42762214e-01   1.19612776e-01
    1.25833020e-01   7.50715612e-03   1.08144961e-01   1.36667058e-01
    2.28612646e-01   2.04773948e-01  -1.10594578e-01  -2.73090601e-02
   -1.35592073e-01  -1.36242419e-01   1.16012000e-01  -4.48273495e-02
   -1.13796748e-01   1.37119517e-01  -1.54091805e-01  -2.00387239e-01
   -1.88029688e-02   2.23629519e-01   1.50600672e-01   1.00687392e-01
    2.79053859e-02  -4.68035080e-02  -1.84932858e-01   4.38686786e-03
    3.79475169e-02  -6.37445971e-02   7.68327937e-02  -1.18247522e-02
    1.78319216e-02   6.60254285e-02   1.84413288e-02   5.70058748e-02
   -9.40046012e-02  -6.71960786e-02   1.61778554e-01  -1.98384866e-01
    1.33004431e-02  -1.44674722e-02]
 [  9.69149843e-02  -5.58778234e-02   2.05091193e-01  -3.93313728e-02
    2.82196468e-03   2.11489543e-01   1.71513915e-01   2.10902035e-01
   -2.06946567e-01  -1.36251748e-01  -2.10045338e-01   1.72186241e-01
    6.66610152e-02   2.14543462e-01  -6.04033284e-02  -9.40120742e-02
   -9.46926102e-02   1.05862983e-01  -7.64625743e-02  -1.29497811e-01
   -8.22743028e-02  -1.47307133e-02   1.10790707e-01   3.95764038e-02
    4.55450937e-02  -1.44019276e-01   1.38403639e-01   4.08392176e-02
    1.49538085e-01   1.14788167e-01   1.61124215e-01   7.28349835e-02
   -1.96823124e-02   6.13326430e-02  -9.58414655e-03  -1.64751753e-01
    1.69458732e-01   1.81500673e-01   7.00105205e-02  -1.35022998e-01
   -1.81204811e-01   6.79274648e-02   2.73875222e-02  -1.39987662e-01
   -2.21176762e-02   2.37399209e-02   2.18176305e-01   1.42459318e-01
   -1.77734748e-01   5.35827503e-02]
 [  4.36821133e-02   1.95513368e-01   1.00899756e-01   7.03710392e-02
   -7.66839162e-02  -1.69045478e-02   2.10517794e-01   5.74853504e-03
    1.67432800e-01  -1.17491364e-01   1.86163679e-01   2.11610511e-01
   -1.90730304e-01  -6.70437738e-02   3.72014679e-02  -2.08647624e-02
   -9.15205702e-02  -1.88589424e-01   1.49990112e-01  -4.30552736e-02
    7.00219497e-02  -1.58334509e-01   2.26498339e-02  -1.22047983e-01
   -1.52530000e-01   1.35986730e-01   3.12138740e-02  -1.61031224e-02
    6.11183792e-02   1.44151345e-01   2.17131838e-01  -4.79718372e-02
    3.52889523e-02  -2.61866581e-02   1.96341410e-01   1.50084853e-01
    1.93705857e-01  -1.79134235e-01   8.52602646e-02   1.50015444e-01
    3.89488181e-03  -1.37095094e-01  -6.76530506e-03   7.97489434e-02
    1.51596397e-01   1.46271521e-02  -2.01306820e-01   1.39336228e-01
   -1.80160210e-01   1.36046171e-01]
 [ -1.75945804e-01   2.98946388e-02   1.16161555e-01   5.08804433e-02
   -4.01198529e-02   1.25126675e-01   4.83227856e-02   4.74021286e-02
    3.77515666e-02   4.77971882e-02  -3.66654247e-02   7.75412749e-03
    4.21908647e-02   1.87338665e-01   6.29304647e-02  -1.05094410e-01
    1.74875438e-01  -7.55771250e-03   3.05649526e-02  -3.09474096e-02
    6.23139106e-02   3.63108106e-02  -1.83835015e-01   8.71024132e-02
    2.06218839e-01  -1.29556939e-01   2.15944257e-02   2.80717537e-02
    1.22499704e-01   1.92204118e-01  -1.93607211e-01  -9.62122232e-02
   -3.33206691e-02  -1.66557178e-01  -1.05141379e-01  -7.94171691e-02
   -1.13051578e-01   1.77830625e-02   1.22258522e-01  -2.70727091e-02
    4.65130098e-02  -3.86634059e-02  -1.44046098e-02   9.86723527e-02
   -2.05916643e-01   1.79991856e-01   1.98442519e-01  -1.24472231e-01
    1.97793901e-01  -4.22800817e-02]
 [ -1.11183606e-01  -5.18755242e-02  -1.92839593e-01  -1.26428217e-01
    1.73628535e-02   1.61034614e-01   2.07613975e-01   2.00174600e-01
    1.91681117e-01   2.23329321e-01   6.86433539e-02  -1.00593589e-01
   -8.38177800e-02  -1.87280908e-01  -5.35787344e-02  -1.54321477e-01
    1.77351132e-01   1.31805286e-01  -9.41910374e-04   1.77451506e-01
   -1.50648281e-01  -5.63283116e-02  -9.64931846e-02   2.19484419e-01
   -9.08271968e-02   1.22150183e-01  -1.71237960e-01  -4.67497222e-02
    2.00599595e-03   1.55153945e-01   1.75633863e-01   4.52331491e-02
    6.27037510e-02  -1.15036312e-02  -1.90340802e-01  -1.36425653e-02
   -1.78342029e-01   1.95663542e-01  -8.92825946e-02  -8.47732276e-02
   -6.03805035e-02   6.25993088e-02   1.12190112e-01   1.42467022e-01
    1.95409134e-01  -3.90342586e-02  -7.00937510e-02  -1.55576430e-02
    8.61447603e-02   4.84127328e-02]
 [  2.07452908e-01   3.33217159e-02   1.20864689e-01   9.16269347e-02
    5.50829843e-02   1.64653972e-01  -1.84510916e-01   4.21403861e-03
   -9.06262919e-02   2.14459985e-01   2.05693185e-01  -7.84834176e-02
   -1.34142339e-01  -1.72511563e-01   1.49880245e-01  -4.79962416e-02
    1.03357576e-01   1.80619910e-01  -5.45150191e-02   9.83396694e-02
    3.73613797e-02  -1.13348246e-01   1.30106108e-02   2.02381372e-01
    8.38340968e-02   7.39772841e-02   6.01432007e-03   1.38101488e-01
   -1.37439221e-01  -1.84051752e-01   1.23723708e-01   1.08577579e-01
   -3.01550087e-02   4.49477509e-03   1.97045878e-01   1.38858467e-01
   -7.65000284e-02   1.10848315e-01  -1.06222592e-01  -1.22366019e-01
   -6.07981905e-02   1.85978383e-01   4.10313830e-02   4.01878580e-02
    1.67957962e-01  -3.78275476e-02  -1.28446102e-01  -9.74159092e-02
   -1.12732038e-01   1.34466618e-01]
 [  3.89201678e-02   2.14564085e-01  -1.52675398e-02   1.09199822e-01
   -1.88212488e-02   5.37229069e-02   1.51115611e-01   1.92518875e-01
    1.78102136e-01   8.50090310e-02  -1.81850255e-03   2.40355637e-03
    9.45036411e-02  -6.53399080e-02   1.36890963e-01  -1.23005696e-01
    2.18064189e-02   1.54782280e-01  -7.71449506e-02   1.01834886e-01
    7.75249973e-02   2.05792487e-01   3.56385149e-02  -1.70906633e-01
    1.77900419e-01  -7.70281702e-02  -1.78123608e-01  -2.98936330e-02
    1.72766075e-01   2.04158530e-01   3.66920941e-02   4.17601578e-02
   -2.06144243e-01   7.69407973e-02  -5.46200164e-02  -7.80832767e-02
    1.00545324e-01  -8.52768421e-02  -8.34534597e-03  -7.00130761e-02
    2.07842380e-01  -1.79532766e-01  -2.36399174e-02   2.03098342e-01
   -7.32022822e-02  -2.69739386e-02   1.45589560e-01  -1.26418278e-01
    9.32713412e-03  -7.13788643e-02]
 [  7.13629350e-02  -1.22404568e-01   1.12046845e-01  -9.12596807e-02
    6.14158623e-02   1.31596282e-01  -2.51922552e-02  -1.01010464e-01
   -1.57342926e-01   9.89331752e-02   6.74862564e-02   4.76844311e-02
    1.71173543e-01  -1.36713788e-01  -2.84855496e-02   1.33646697e-01
    1.81393147e-01   1.44603208e-01   6.81398297e-03   1.91033661e-01
    6.65828958e-02   2.06475362e-01   1.47742674e-01   1.06996924e-01
    3.21212113e-02  -9.08691585e-02  -1.68029547e-01  -1.86541528e-01
    2.09763333e-01  -4.70061041e-02  -1.10481486e-01   8.18289146e-02
    8.16687867e-02   1.90284401e-01   8.48198589e-03  -1.55300260e-01
    1.51376880e-03   1.98261887e-02  -1.05054133e-01   5.32411458e-03
    1.04576632e-01  -1.88162223e-01  -1.70853853e-01   7.92939439e-02
    2.21192852e-01   1.65408939e-01   1.25483096e-01  -8.31605587e-03
    2.79840175e-02   7.84580316e-03]
 [ -2.78243255e-02  -1.32078871e-01  -8.43622014e-02  -1.51056573e-01
    4.16388595e-03   5.46075627e-02   1.76295623e-01   8.44936743e-02
   -9.11663547e-02  -9.30875614e-02   7.09740678e-03   4.10475582e-03
   -1.10133536e-01   2.00116515e-01  -4.73393276e-02  -1.98623359e-01
   -1.21421136e-01  -1.14597715e-01   2.09623650e-01  -1.62839413e-01
    4.15439382e-02   1.47149831e-01   1.10676825e-01   2.12044746e-01
   -1.73401624e-01  -1.22950345e-01  -4.35645580e-02   1.18847750e-01
    1.72314346e-01  -9.41505283e-02  -1.68051213e-01  -4.84331176e-02
   -1.46315992e-01   2.11619154e-01   4.46053185e-02   8.51438493e-02
    5.83686605e-02   1.34777620e-01   1.49424702e-01  -1.70943756e-02
    1.93080053e-01  -7.13403225e-02  -1.46798834e-01  -1.59322023e-01
   -9.71326083e-02   6.52086586e-02  -2.87196990e-02   8.76409560e-02
   -2.23805040e-01   2.02146947e-01]
 [ -1.73709527e-01  -1.62184238e-01  -1.05112180e-01   1.12261914e-01
    3.24895629e-03   3.36663015e-02  -9.71432850e-02  -1.11474348e-02
    1.73454434e-01   1.13933928e-01  -5.86129203e-02   7.81577229e-02
    2.02798203e-01  -1.57384843e-01   2.05598950e-01  -4.80957814e-02
   -1.59130655e-02   2.13236392e-01  -1.16675735e-01   1.18523851e-01
   -8.84083733e-02   1.18379511e-01   1.26286194e-01   1.82071179e-01
   -8.29727873e-02   1.04977332e-01  -3.63952778e-02   1.43205971e-01
    9.08501167e-03  -1.70687325e-02   5.27222119e-02  -2.57950947e-02
    2.00151995e-01   1.96180075e-01  -1.03544377e-01   1.20133504e-01
   -4.79996912e-02   7.07546156e-03  -1.13309152e-01   4.11810772e-03
   -3.75829376e-02  -1.92190051e-01  -1.63759410e-01  -1.19489141e-01
   -6.41281754e-02  -2.59329379e-02   1.81507498e-01  -6.88202456e-02
   -9.44415927e-02   2.23371089e-01]
 [ -4.20647487e-02  -1.65500745e-01   1.86351106e-01   6.49302406e-03
    9.06051174e-02  -2.05787823e-01   1.81852002e-02  -1.00841552e-01
    1.24980099e-01  -9.40209255e-02  -1.50644884e-01   3.80918533e-02
   -1.38462922e-02   1.77396074e-01  -1.57464117e-01   3.93929295e-02
   -1.13089703e-01   5.74545823e-02  -1.49992436e-01  -9.72983167e-02
   -5.40517569e-02  -7.43657053e-02  -3.83376032e-02   1.19067775e-02
    2.00430736e-01   4.09489386e-02  -7.60701597e-02   5.26739433e-02
    3.70508642e-03  -9.70465094e-02   1.32660553e-01  -1.43407702e-01
    1.43039390e-01  -5.15915602e-02   1.03732556e-01   1.22292653e-01
   -7.10253343e-02   4.77338880e-02  -6.75233360e-03  -1.43918440e-01
   -1.36780202e-01  -9.59006846e-02  -1.27175957e-01   1.77891791e-01
   -3.07716019e-02  -2.66607255e-02   9.76754799e-02   1.61792889e-01
    1.41084781e-02   2.28868723e-01]
 [  1.82594210e-01  -5.57776019e-02   1.55843511e-01  -1.92529306e-01
   -1.93967462e-01   1.03583850e-01   5.06652743e-02  -2.48161354e-03
    4.48188297e-02   1.69886529e-01   1.96012422e-01  -1.38992175e-01
   -1.89030170e-01  -9.48711708e-02   1.79948211e-02  -1.12113738e-02
   -1.18359536e-01  -1.47739559e-01  -1.87202543e-01  -6.05358593e-02
    4.99507226e-02  -1.98814705e-01   1.37739852e-01   1.36309624e-01
    1.10559173e-01  -1.51655167e-01  -1.90408081e-01   6.74087405e-02
   -3.26149501e-02  -8.96847248e-02  -1.77391410e-01  -1.85858160e-01
   -1.09383449e-01  -1.71670690e-01  -1.20776869e-01   9.56981406e-02
   -1.12352088e-01   1.76095143e-01  -6.78485930e-02  -1.77762583e-01
   -8.38613287e-02  -7.47805238e-02   2.00030193e-01  -3.45345773e-02
   -5.09043224e-02   2.17763096e-01   1.74009725e-01  -3.20152305e-02
   -1.24057308e-01   1.53038770e-01]
 [  1.22084834e-01  -8.60174820e-02  -1.75368786e-01   2.34332751e-03
    3.62457475e-04   1.41607687e-01  -1.99424714e-01   1.29996195e-01
    1.45506665e-01  -1.03908941e-01   1.77280605e-01  -1.01615950e-01
   -1.93056405e-01   3.80332433e-02   1.95880711e-01   1.92165509e-01
    1.42011464e-01  -1.40072003e-01  -3.79019901e-02   1.21185131e-01
    1.81161478e-01   1.03242837e-01  -6.91368133e-02   1.57557622e-01
   -3.19964923e-02   1.65340841e-01  -1.57765001e-01   1.68234140e-01
    6.64281547e-02   1.88587129e-01  -1.93505779e-01   2.33850107e-01
   -1.68325123e-03  -4.80056070e-02   8.20512921e-02   1.79938674e-01
    1.42526701e-01   2.00247914e-01  -1.41163096e-01   7.64912516e-02
    1.10766396e-01   8.88966247e-02   1.02894150e-01  -3.46604548e-02
    4.09908965e-02   1.14699870e-01   4.94604707e-02   4.66303639e-02
   -1.67165026e-01   1.29295453e-01]
 [  5.39994240e-02  -1.29982173e-01  -4.03234884e-02   1.37225971e-01
    1.46083996e-01   1.11707710e-01  -8.25497806e-02   3.15826051e-02
    2.46136058e-02  -7.88410604e-02  -2.41114162e-02  -1.69778690e-01
    1.58325732e-01  -1.94577985e-02  -9.93487388e-02  -1.36181325e-01
   -1.90658122e-01   1.28636450e-01   1.13427438e-01   1.98605165e-01
   -2.73486022e-02   1.23526067e-01   4.68068160e-02  -3.75991017e-02
   -1.94903105e-01  -1.73354343e-01   1.91017568e-01  -1.92203194e-01
    1.55757859e-01   8.79994854e-02   6.04190752e-02  -1.37648582e-01
   -2.00254217e-01   8.53860527e-02  -5.33539131e-02   5.03982566e-02
    2.03640893e-01  -2.00020382e-03   7.62390345e-02   1.17331751e-01
   -1.40680239e-01   2.10648164e-01  -7.56858662e-03  -1.51359469e-01
    1.93806201e-01   2.47778352e-02   1.37968343e-02  -6.43673316e-02
   -1.93467900e-01  -1.93052247e-01]
 [  6.00704215e-02  -1.93363190e-01  -9.94323641e-02   1.87571738e-02
   -1.58844680e-01  -1.75674140e-01  -2.25219354e-02  -1.86688483e-01
    2.67100558e-02  -1.48166955e-01  -1.97123662e-01  -2.26074476e-02
    5.14436550e-02   1.01324953e-02   2.41356380e-02   1.76457435e-01
    1.26623809e-01  -2.50511207e-02  -2.93047521e-02  -1.48689672e-01
    2.76425201e-02  -1.01074345e-01   1.13967448e-01   1.91616207e-01
    1.63795605e-01   4.82650697e-02  -5.35713099e-02  -6.29794151e-02
    5.21742664e-02   1.72243580e-01   7.72073194e-02  -1.09836660e-01
   -1.91349059e-01   1.52627677e-01   1.31275192e-01  -1.44034922e-01
   -4.58221920e-02   2.10205048e-01   8.02394375e-02   1.94996595e-01
   -6.00583619e-03  -4.83364575e-02   9.60356146e-02  -1.91774845e-01
    1.11175641e-01  -5.09341247e-02  -1.26506209e-01  -1.28960744e-01
    7.83927664e-02  -1.10622801e-01]
 [  1.59867913e-01   6.76002279e-02  -1.14225775e-01  -2.63711289e-02
    1.05067842e-01   1.09031811e-01   7.98298791e-02   5.96803129e-02
    1.98531613e-01  -7.37435818e-02  -9.09119993e-02  -7.75911435e-02
   -1.25347078e-01   1.19956382e-01  -7.39016533e-02   7.70744681e-03
   -8.62785727e-02  -1.64357558e-01   1.08820304e-01   4.38008457e-02
    9.78200361e-02  -1.43344015e-01   8.40990394e-02   1.73281327e-01
   -1.35048300e-01  -1.62631616e-01   1.61403805e-01   7.09172264e-02
    1.95568547e-01   1.82518125e-01   2.81990301e-02  -1.79336458e-01
    7.50659481e-02   2.19478533e-02   8.66338611e-03   2.16339514e-01
   -8.16190988e-02  -7.91605189e-02  -1.06011443e-01  -1.05481334e-01
   -6.33110926e-02  -1.36668328e-02  -1.29389167e-01   1.81470707e-01
    1.77590445e-01   1.32946640e-01   1.41754463e-01  -8.36489499e-02
   -2.38127690e-02  -1.23425655e-01]
 [ -6.23500273e-02  -1.26457572e-01   1.83670282e-01  -2.05630176e-02
   -1.14072777e-01   1.36031345e-01   3.25485468e-02  -1.46906421e-01
   -1.66089103e-01   6.22622892e-02  -1.29297212e-01  -1.40706440e-02
    4.65905815e-02   7.30697662e-02   6.90460503e-02  -3.94871384e-02
    6.55860752e-02   1.03740126e-01   1.64164186e-01  -8.99432227e-02
    2.10777134e-01   1.15093835e-01   1.28312394e-01   2.03499407e-01
   -1.03354957e-02   3.46765704e-02   1.63981095e-01   7.56159425e-02
   -1.51607618e-01   2.59752665e-02   7.30704516e-02  -1.71102269e-03
    1.27759194e-02  -1.29282504e-01  -1.16835058e-01   8.22630972e-02
    1.99435994e-01   4.81524169e-02  -5.46776652e-02   1.88422091e-02
    3.79391015e-02  -7.55675584e-02   1.51048034e-01  -3.78224142e-02
   -1.13510829e-03  -9.31156334e-03  -1.63701177e-01   5.74031211e-02
    1.37795523e-01   1.20238297e-01]
 [ -6.10082783e-02  -7.68968612e-02   2.28253052e-01   5.13754077e-02
    1.88867778e-01  -5.64338714e-02   1.58598319e-01   5.57148876e-03
   -6.45478964e-02  -1.79450467e-01   1.03415027e-01   3.97820398e-02
    2.11840585e-01   1.82287678e-01   2.71348171e-02   2.03384012e-01
    3.76462354e-03  -5.10431044e-02  -1.93919748e-01  -1.27916321e-01
    9.43446904e-02   2.01165468e-01   1.63476065e-01   1.36030510e-01
   -9.82699096e-02  -8.24630633e-02  -6.94852769e-02  -1.94981918e-01
    1.99195016e-02  -8.83770809e-02  -1.79147780e-01   2.08092406e-01
   -1.50657967e-01  -6.76660985e-03  -1.96364149e-02  -7.70901740e-02
   -9.16981697e-02  -5.96480854e-02  -4.44240756e-02  -1.26636043e-01
   -8.65813252e-03   5.16719818e-02   2.33543232e-01  -1.11297071e-01
    2.16813639e-01   9.02719572e-02  -1.38776213e-01   3.91738315e-04
    1.70740142e-01  -1.29831970e-01]
 [ -1.91514984e-01   2.13617608e-01   7.82210287e-03  -3.16859446e-02
   -1.43352017e-01  -4.19803374e-02  -5.08843474e-02  -6.80061337e-03
    1.17551483e-01  -1.15667753e-01  -1.85704324e-02   2.06109419e-01
    1.38404787e-01  -1.40047958e-02   1.11944839e-01   3.27413715e-02
    1.93166971e-01  -6.21291548e-02   3.90283316e-02  -7.76217505e-03
    1.26454294e-01   1.83429748e-01  -5.75181507e-02  -1.34582162e-01
   -5.36463112e-02   1.50446609e-01  -4.62492853e-02  -1.42825153e-02
   -3.75731625e-02  -1.16653286e-01  -1.74731657e-01   9.81878862e-02
    1.12723093e-02  -9.68465507e-02  -1.76910102e-01  -1.49387702e-01
    1.78255424e-01  -7.95800015e-02  -1.91219419e-01  -7.94258863e-02
   -1.91571992e-02   1.12386085e-01  -7.69253671e-02   9.84934121e-02
   -1.25295654e-01  -1.61196813e-01   1.37040183e-01   1.17296651e-01
    1.22430697e-01  -6.89440295e-02]
 [ -1.42955229e-01  -1.00965723e-01   6.74890205e-02   9.46196690e-02
    1.20808810e-01   1.63763732e-01   1.34589806e-01   3.94505151e-02
   -1.77049085e-01   1.91976368e-01   8.56633782e-02   7.70749226e-02
    8.64229947e-02   1.54595405e-01   1.67861432e-01   2.19513271e-02
    1.01916241e-02   1.69764087e-01  -1.02599198e-02  -1.67723507e-01
    1.97165459e-01  -3.99106927e-02   1.30366355e-01  -7.63453767e-02
    3.61958742e-02  -1.29329637e-01  -7.46874511e-02  -1.48932561e-01
    1.59780458e-01  -2.70321909e-02  -6.56089466e-03  -1.70676354e-02
   -1.61444396e-01   1.80521891e-01  -1.85544100e-02   1.98585317e-01
    1.67145044e-01  -2.14357272e-01  -2.40067318e-02  -9.99049991e-02
   -2.05688149e-01  -1.94071829e-01   7.76946992e-02   1.65268719e-01
    2.18585640e-01   1.39134349e-02   1.71436131e-01  -1.39468625e-01
    7.33585581e-02   1.53179586e-01]
 [  1.74325421e-01  -1.78976536e-01   1.20939068e-01   1.61037877e-01
    3.17131355e-02  -1.94334924e-01   3.78274843e-02  -1.89309139e-02
    1.08665071e-01  -6.70204759e-02   1.55019879e-01   4.77244221e-02
   -1.79143623e-01   3.29168402e-02   1.22915067e-01  -6.42409772e-02
    1.76224043e-04   2.12876469e-01   8.54990706e-02  -2.71859672e-02
    1.29162490e-01  -4.92457999e-03   2.40917355e-02   5.76056316e-02
   -1.29717186e-01  -1.60873368e-01  -3.28247733e-02   1.83378816e-01
   -1.83837935e-01   2.75106225e-02   9.59194228e-02   8.29955190e-02
    2.01072901e-01   1.94234207e-01   1.32912010e-01   8.12756792e-02
   -3.28513570e-02  -1.66823134e-01   5.27213737e-02  -1.72284663e-01
   -6.95389509e-02   3.25901881e-02   3.50056030e-02  -1.54968739e-01
   -6.15478307e-02  -1.87889308e-01   1.07126191e-01  -4.00290936e-02
   -9.98242199e-02   2.18055338e-01]
 [  2.09858134e-01   1.95239279e-02   4.50317524e-02   1.89390793e-01
   -1.85136437e-01  -1.01113105e-02  -1.91285402e-01   1.93301961e-01
    2.10706562e-01  -2.02263206e-01  -9.61034819e-02   9.32931229e-02
   -7.92659670e-02   1.94721997e-01  -1.20727286e-01   9.00191604e-04
    1.88238740e-01  -1.08008288e-01   8.29529092e-02   6.82323873e-02
    1.34880953e-02  -4.53964509e-02   3.32995541e-02  -4.79059815e-02
   -6.81996346e-02  -4.73854281e-02   4.44251299e-02  -1.20934024e-02
   -2.36009471e-02  -1.91274360e-02  -1.25000954e-01  -1.37192115e-01
    9.12144259e-02   8.17661285e-02  -6.27967641e-02   1.62241206e-01
    1.47582963e-01   1.00891121e-01  -3.41501124e-02  -2.90737599e-02
    1.54487854e-02  -1.45912036e-01   1.10622510e-01   9.08080861e-02
   -1.44858574e-02  -1.78792000e-01   1.81218967e-01   4.69522504e-03
    1.36652038e-01   2.07641408e-01]
 [  1.40768334e-01  -7.20307827e-02   1.99049845e-01   1.15656279e-01
   -4.75064553e-02   1.75153196e-01   3.65629643e-02  -1.44668341e-01
    1.05620474e-01   5.28864078e-02   1.02716736e-01   1.67332962e-02
    1.92246333e-01   9.38168610e-04  -7.61061683e-02   2.03932375e-02
   -8.51892307e-02  -1.36606144e-02   1.93436444e-01  -1.57290906e-01
    1.22682907e-01  -1.18487656e-01  -1.02655135e-01  -1.67288169e-01
    4.05026153e-02   1.35901302e-01   1.12727098e-01  -1.70803398e-01
   -3.74604389e-02  -1.13776118e-01  -2.99947560e-02   1.41609326e-01
    5.01212291e-02   1.73237085e-01  -1.44367805e-02  -7.24521056e-02
    1.41169399e-01   8.44645649e-02  -2.25076333e-01  -2.00201511e-01
   -2.59652734e-02   1.95875838e-01  -6.52180314e-02  -1.35230422e-01
    6.64116666e-02  -1.38622910e-01   1.04863249e-01  -1.81698054e-01
   -1.62737593e-01   7.93157220e-02]
 [ -1.60243884e-01  -8.16097185e-02   7.47386590e-02   2.06039380e-02
    1.03428043e-01   2.17115760e-01   5.10619096e-02  -1.60516679e-01
    1.89542070e-01   4.68132235e-02   2.40206961e-02  -8.81898478e-02
   -1.20314583e-01   2.18817294e-02   8.36809054e-02   1.61542550e-01
    5.62100559e-02   6.89757541e-02   5.47820963e-02   1.85396492e-01
    3.83220278e-02   1.06497936e-01   1.95724979e-01   9.82794538e-03
   -1.66469410e-01  -1.28311977e-01  -1.62228197e-01  -1.63458139e-01
   -1.43511310e-01  -8.08998570e-02  -1.01266138e-01  -7.06469342e-02
    5.17362803e-02   1.27270564e-01   6.24229200e-02   1.96350012e-02
   -1.00767545e-01   2.34476104e-02  -7.16277072e-03   2.10028306e-01
   -1.59305912e-02   6.22803457e-02  -2.71082371e-02   3.83602232e-02
    1.35240197e-01   1.59403652e-01  -4.06650547e-03  -1.44652933e-01
    1.21875219e-01   1.46293372e-01]
 [ -1.47762343e-01  -8.32536444e-02   1.93295572e-02  -7.30514526e-02
    1.49046943e-01   7.26799741e-02  -1.27113491e-01  -1.51445583e-01
   -1.18078683e-02  -1.43264592e-01   5.27720377e-02   1.82946324e-01
   -1.22035123e-01   6.33993968e-02   1.22263350e-01  -1.05753258e-01
   -1.61056504e-01   1.86383143e-01   2.10875824e-01  -5.47093824e-02
   -1.24513274e-02  -1.54367417e-01  -4.44108136e-02   2.09439710e-01
   -1.53288126e-01  -1.46804765e-01  -1.79626811e-02   4.92341630e-02
    8.10399503e-02   9.70100686e-02  -1.59139141e-01   2.05781415e-01
   -8.26479346e-02  -1.53274432e-01   1.40141547e-01   1.46531351e-02
    7.39474446e-02  -1.53130025e-01  -1.30019397e-01   1.15578867e-01
   -1.50523305e-01  -1.05210111e-01   1.99315652e-01  -1.19084492e-01
   -6.49057254e-02   2.12750971e-01  -1.24309592e-01   1.44006506e-01
    2.23829702e-01   8.74896720e-02]
 [ -5.69227561e-02   6.57358244e-02  -1.57186583e-01   4.42721695e-02
    5.52030606e-03   1.86108395e-01  -2.48092525e-02   1.65571138e-01
    1.90139845e-01   5.36229573e-02  -1.43220812e-01  -1.63757339e-01
   -1.70260206e-01  -5.32986745e-02  -1.74066648e-01   2.08538041e-01
    1.79736480e-01  -1.47861138e-01  -1.58253945e-02  -1.70759380e-01
   -1.33341074e-01  -1.96712807e-01   5.38617074e-02   5.73085845e-02
    2.43183225e-02  -7.97277018e-02  -1.36219457e-01   1.88555971e-01
    5.05061895e-02   2.18611568e-01  -5.82219549e-02  -8.57441425e-02
   -1.01648510e-01   1.66064382e-01   7.91099109e-03  -4.08124700e-02
   -8.66251588e-02  -9.81760100e-02  -1.23739891e-01   4.05318327e-02
    1.54898852e-01   1.82736531e-01  -1.35690436e-01  -1.39616221e-01
   -7.30111599e-02  -7.74719119e-02  -3.90822403e-02  -1.76613927e-01
   -7.90725201e-02  -7.00066462e-02]
 [ -1.00673281e-01   9.24829543e-02   1.08366080e-01  -1.65200204e-01
   -5.42243719e-02  -7.31736571e-02  -1.60280943e-01   2.70637870e-02
    2.15975530e-02   1.19204529e-01  -1.65380642e-01   2.09320143e-01
   -4.30576317e-02  -3.07491794e-02   1.71838596e-01   1.94597915e-02
   -5.14762849e-02   1.69443607e-01   5.47257438e-02   1.47696550e-03
    7.65550043e-03  -1.17879912e-01  -1.39123634e-01   1.89422816e-01
    6.67995438e-02   1.07537381e-01   1.58390239e-01  -3.53733450e-02
   -1.42784432e-01   3.51322815e-03   1.23476155e-01  -1.25729486e-01
    1.06182240e-01  -1.94484815e-01   1.67139143e-01  -7.63581917e-02
   -1.48671091e-01   8.17024410e-02  -8.67390931e-02  -9.46121663e-02
    9.43659171e-02   2.19713479e-01  -2.08938658e-01  -1.66432276e-01
    1.06377222e-01   7.52108768e-02   1.43214762e-01   3.05189565e-02
   -2.16671340e-02  -2.16000512e-01]
 [ -2.34706700e-02   1.50408790e-01  -8.21488798e-02  -3.37763168e-02
   -2.03137398e-01   1.28093576e-02  -1.35020152e-01   7.65185058e-02
    1.92103565e-01   1.10681452e-01   1.76723018e-01   1.34687901e-01
   -9.94096100e-02  -1.71673328e-01   2.02719629e-01   1.94855317e-01
   -6.47234842e-02   1.56836182e-01  -8.60588923e-02   1.58163503e-01
   -1.53662711e-01   6.83558434e-02   1.58771232e-01  -8.41807052e-02
    2.13419542e-01   8.24699774e-02  -8.36392120e-02   1.16944440e-01
    1.04446679e-01  -1.19260989e-01  -6.71568438e-02   1.51722819e-01
   -1.59849808e-01   7.60456920e-03  -2.20875405e-02  -9.69770774e-02
    2.32653748e-02   1.97151646e-01  -1.50707930e-01   1.79567516e-01
    1.46496907e-01   8.70842040e-02   3.19316197e-04   3.03076226e-02
   -1.16373368e-01  -3.75070199e-02   6.28257245e-02   1.68603450e-01
    1.39453709e-01   1.42633468e-01]
 [ -7.57686719e-02   1.22366004e-01   9.77215543e-02   1.14785414e-02
   -3.56071554e-02  -1.86475053e-01   2.17592955e-01   4.56935689e-02
    1.35084212e-01   1.55735880e-01  -5.09900935e-02  -6.82097068e-03
   -2.00572535e-01   1.25160530e-01   7.81062841e-02  -2.70207413e-03
   -1.31914139e-01   4.62523140e-02  -1.50634840e-01  -1.86776429e-01
    1.79903418e-01  -8.88445452e-02   2.18330026e-01   1.91401422e-01
   -8.33185464e-02  -8.28241035e-02  -6.36556372e-02  -1.96872558e-02
   -1.36073574e-01   1.44016938e-02  -1.59631334e-02   1.09412462e-01
    1.66741177e-01  -1.20349258e-01   1.01839393e-01  -1.64991558e-01
    1.57608718e-01   1.47607952e-01  -1.27945185e-01   1.03476927e-01
    9.95846987e-02   1.28984168e-01   2.00803787e-01  -1.33495495e-01
   -6.24161512e-02   2.13981210e-03   8.39584097e-02  -9.28312168e-03
    1.41797047e-02   3.88344680e-03]
 [ -8.11165795e-02   1.91832766e-01   2.00612724e-01   2.12435439e-01
   -3.72149125e-02  -1.85898334e-01  -1.56436801e-01  -1.29280075e-01
   -2.98712086e-02   1.65677860e-01  -1.03575811e-02  -1.56040639e-01
    1.29807115e-01   2.16600031e-01   1.97182447e-01   8.58815908e-02
    1.18803874e-01  -2.02811629e-01   1.95370778e-01   1.02237754e-01
   -8.56934022e-03  -5.76861911e-02   1.11431144e-01   2.77104275e-03
   -6.59642071e-02  -1.51687607e-01  -1.58938482e-01   5.60831837e-02
   -3.96314003e-02  -1.09870896e-01   1.06474057e-01  -9.84821841e-02
   -9.92497578e-02   9.93687138e-02   1.59046412e-01  -1.09247446e-01
    1.48917079e-01  -8.71629119e-02  -1.28715247e-01  -1.63009986e-01
   -6.72164261e-02   5.81585243e-02   1.33420676e-01  -9.98301879e-02
   -1.09718949e-01   1.64750278e-01  -7.18656927e-02   3.52781191e-02
   -5.70015125e-02  -1.11904815e-01]
 [  1.39767498e-01  -1.97049990e-01  -1.95608675e-01  -1.60949841e-01
   -1.70413747e-01  -1.07294731e-01   3.60019021e-02   3.51874679e-02
   -2.10143607e-02  -1.28557131e-01   6.84477612e-02   7.88460076e-02
   -9.96449888e-02  -1.77780345e-01   1.73634171e-01  -3.54199745e-02
    1.15293972e-01  -1.11303642e-01  -1.88891277e-01   1.30519748e-01
    1.25782743e-01  -1.50173604e-01   2.05932423e-01  -1.63153321e-01
    2.00594276e-01   1.42922610e-01   1.02596588e-01  -6.22671396e-02
   -1.55562073e-01   1.24891751e-01   5.84350415e-02   7.06150457e-02
   -8.45528543e-02  -1.61958411e-01   2.17021167e-01   2.04868525e-01
    8.76642093e-02   1.78762898e-01   7.39552826e-02   1.31326407e-01
    8.45293775e-02   1.49491861e-01  -2.33139321e-02   6.51307330e-02
   -4.74600643e-02   2.17851490e-01   1.88369989e-01  -2.65030824e-02
   -6.45101741e-02   1.76737398e-01]
 [ -1.90341279e-01  -1.31155988e-02  -3.02056372e-02   1.39032826e-01
    1.39628038e-01  -2.86293100e-03   8.33522230e-02   9.92003158e-02
    2.04984814e-01  -1.63275227e-02  -1.38443351e-01  -4.93188277e-02
    1.76905036e-01   7.47193620e-02  -3.05708554e-02   1.15723848e-01
   -1.60969282e-03  -1.50335461e-01  -1.73721034e-02  -9.59163383e-02
   -1.48711964e-01   4.32465263e-02  -8.05947706e-02  -9.94712561e-02
    9.85977948e-02   3.20734456e-02  -1.95262909e-01   2.22337961e-01
   -1.42526954e-01   1.76863998e-01  -2.02199906e-01   4.35707085e-02
    1.44996926e-01  -1.80163458e-01   5.22676632e-02   1.45714402e-01
   -1.38769358e-01   2.02225059e-01   1.10537998e-01  -1.60125464e-01
    2.05378398e-01   5.50540723e-02   1.82670817e-01  -1.41724929e-01
    2.11278990e-01  -1.62692606e-01  -2.11812213e-01  -4.00862880e-02
    4.40739021e-02  -8.34640563e-02]
 [ -9.35379639e-02   1.03141539e-01   4.32111584e-02  -1.01363704e-01
   -7.78570995e-02   1.60915911e-01  -1.35358781e-01  -1.06418803e-01
   -1.52397035e-02   6.03797138e-02   9.58411489e-03  -1.28534213e-01
    2.16403022e-01   3.46128047e-02  -1.86455980e-01   1.05193090e-02
   -6.21321425e-02   3.51930782e-02   1.44329309e-01  -4.54764143e-02
    8.64381716e-02   1.86357453e-01   1.45016581e-01  -5.31217307e-02
    9.52813253e-02   1.71819255e-01   1.13707617e-01   1.23438023e-01
    1.05035985e-02  -4.21152040e-02  -1.15346923e-01   1.63765438e-03
    1.32120460e-01   1.57465547e-01   4.58494537e-02  -1.35350376e-01
   -1.50131091e-01  -1.34868339e-01   1.42516404e-01   4.53637764e-02
    2.09918201e-01   1.98911667e-01  -7.12520108e-02   2.14986578e-02
   -9.18779373e-02   6.63873851e-02  -1.84863701e-01   5.82007319e-02
    7.81838372e-02   7.61392191e-02]
 [  2.11360574e-01   8.36726949e-02  -1.48288056e-01   1.68531373e-01
    5.86787751e-03  -2.49163564e-02  -1.58236861e-01   1.94526985e-01
   -1.82050616e-01   1.34011120e-01   7.92890713e-02  -9.62355435e-02
    1.68114796e-01  -9.51449871e-02  -6.40366077e-02  -4.47612517e-02
    1.58663392e-01   2.19246492e-01  -1.60843953e-01  -2.01064497e-01
   -9.88642573e-02  -1.60095349e-01   1.71027720e-01  -2.25990079e-02
    1.45705137e-02   4.40717041e-02   4.18452099e-02   2.00101972e-01
   -1.98229507e-01   1.38388515e-01  -1.52083829e-01  -1.87072352e-01
   -1.84917942e-01  -1.72190800e-01   1.82830185e-01  -1.39549464e-01
   -1.65365413e-01   1.37346506e-01   1.61742568e-01  -5.57702184e-02
   -4.80556004e-02   1.28032446e-01   1.47370517e-01  -1.98697031e-01
   -4.51618508e-02   4.18782942e-02  -9.01710540e-02   6.26316518e-02
   -1.64328113e-01   1.92354880e-02]
 [ -7.69452825e-02   1.42936096e-01  -2.53355168e-02  -4.17860225e-02
    1.35747686e-01   5.51383421e-02  -3.72846276e-02  -1.52660489e-01
    1.98787972e-01   1.41147286e-01   3.73015329e-02  -1.69762850e-01
   -1.97198212e-01   1.15052320e-01  -3.82796675e-02  -7.16224760e-02
    8.04328322e-02  -2.06007272e-01  -9.27441791e-02  -2.06981935e-02
    1.12036094e-01   9.38007236e-02   6.57075737e-03   1.71758965e-01
   -1.84316620e-01   1.25280514e-01   1.22493267e-01   4.14731205e-02
    3.15162987e-02  -6.87145814e-02  -1.66403621e-01   2.63013355e-02
    1.53048113e-02   1.67475775e-01  -8.52479637e-02   1.73517823e-01
    1.78112537e-01  -2.00577900e-01  -8.97617191e-02   7.10307881e-02
    1.63641378e-01  -1.44627154e-01   1.87065471e-02   1.26299202e-01
   -7.03455657e-02   1.60455763e-01   1.46552801e-01   1.55478388e-01
    8.65055174e-02  -9.02901590e-02]
 [ -4.43583727e-02   4.22474891e-02   6.55730441e-02  -1.61420092e-01
    1.31149635e-01   2.05572575e-01   1.43154442e-01  -3.44411209e-02
    1.52449682e-01   2.33435798e-02  -1.28356189e-01  -6.82473974e-03
    1.53323099e-01   7.51767829e-02  -1.73694804e-01  -1.78632483e-01
   -1.16183184e-01  -1.55196875e-01   6.43527433e-02  -1.78997234e-01
   -1.66829988e-01  -1.27436548e-01   4.18703929e-02  -5.25886789e-02
   -8.19785148e-02  -5.23507148e-02  -2.69992892e-02  -9.06547084e-02
   -7.62939602e-02   1.09086037e-01  -1.98764712e-01   1.60526603e-01
    1.12886429e-02  -1.34855732e-01   2.26008177e-01  -1.52775094e-01
    3.95197608e-02  -1.97971568e-01  -8.91138688e-02  -1.56552732e-01
    2.04015717e-01  -6.18955828e-02  -4.10467759e-02   5.81528656e-02
    1.03266068e-01   2.46349466e-03   6.39268830e-02   2.12319970e-01
    2.06517458e-01  -2.13773921e-01]
 [  1.89045012e-01   1.00670822e-01  -1.35785058e-01  -1.30025014e-01
   -1.71699733e-01  -1.93325002e-02   1.33049369e-01   1.05690792e-01
    1.88272968e-01  -1.78905860e-01  -5.97310485e-03  -1.72457516e-01
    7.61199147e-02   1.31720290e-01  -1.81650206e-01  -4.80738133e-02
   -9.42250118e-02   1.63841575e-01  -1.52176067e-01  -8.87223426e-03
    4.70073894e-02   7.21580088e-02  -1.16632804e-01   1.05462670e-01
   -1.64228812e-01   1.60467662e-02  -6.88873976e-02   1.67010441e-01
    8.01356807e-02   5.25972880e-02   6.05533719e-02  -1.27813712e-01
   -4.46363501e-02  -1.15273998e-03   1.40082657e-01  -1.95473537e-01
   -9.68505591e-02   2.10303336e-01  -8.35929140e-02  -1.60648406e-01
    3.15064192e-02  -9.33364704e-02  -1.82660613e-02   9.23472866e-02
   -1.38310865e-02  -8.13123584e-02  -1.45932898e-01   1.43738359e-01
   -2.29095551e-03  -8.03604200e-02]
 [ -8.23672563e-02   5.13065308e-02  -5.15347049e-02   1.37904182e-01
    1.09813601e-01   1.43000737e-01   1.85206532e-01   1.81633756e-01
    9.32851434e-02   2.07684055e-01  -3.18129733e-02   1.11089483e-01
    5.55873886e-02   4.61242944e-02   1.07352950e-01   1.38614073e-01
   -4.27757390e-02  -1.11822963e-01  -4.72199135e-02  -4.33802120e-02
   -1.39659405e-01   1.75315693e-01   1.08794466e-01   2.08928898e-01
    1.57035500e-01   2.10526660e-01  -8.15161392e-02  -3.00244167e-02
    1.27030313e-01  -1.38313696e-01   6.48609698e-02  -8.86016786e-02
    1.44307166e-01  -1.96232900e-01  -2.99261548e-02  -1.92273244e-01
    1.12331077e-01  -1.86552256e-01  -2.36809086e-02   9.02667344e-02
   -1.58052728e-01  -1.50029823e-01   3.17288600e-02   2.80336197e-03
   -2.26595793e-02  -2.82753874e-02  -9.18565616e-02   2.01425448e-01
    1.59205109e-01   1.90709308e-01]
 [ -4.94226925e-02   1.49948359e-01  -1.96108401e-01   1.19724028e-01
   -3.43479849e-02   1.62145033e-01  -2.71435976e-02   1.80396393e-01
    1.35237023e-01   4.25195843e-02   1.31902158e-01   6.57248404e-03
   -1.01131320e-01   1.61936283e-01   1.41856715e-01  -2.44265106e-02
   -1.07513912e-01  -7.70482719e-02  -5.82398847e-02   2.30616820e-03
   -1.57871410e-01  -4.40270752e-02  -1.82617873e-01   3.68638374e-02
    9.57928598e-02   7.71997310e-03   2.05927223e-01   2.35518571e-02
    9.84013360e-03  -1.76781565e-01   1.75941184e-01  -1.04935199e-01
    1.49765000e-01  -7.37074316e-02   6.94878027e-02  -1.52938202e-01
    2.18012974e-01   5.70564903e-02   1.43164575e-01  -1.31844312e-01
   -6.86516762e-02  -1.35236472e-01   1.15405403e-01   2.09707730e-02
    7.81845897e-02  -1.65563039e-02  -3.51759121e-02   6.39581904e-02
   -1.90600872e-01   2.19200417e-01]
 [ -1.23628892e-01  -1.94977626e-01   1.41380250e-01   8.02317448e-03
   -9.49923024e-02   1.39810354e-01   2.25698605e-01  -5.94678745e-02
    1.04121312e-01  -3.43586504e-02   1.30879553e-03  -1.54390708e-01
    3.72302011e-02   1.84697341e-02   7.54123554e-02  -1.84646651e-01
    2.21430272e-01  -8.14439505e-02  -1.45556688e-01   6.11079931e-02
   -9.80467349e-02   1.17586926e-01   1.07309937e-01  -7.72912353e-02
   -1.10123001e-01   5.13219042e-03   1.56014949e-01   1.86463241e-02
   -5.37742861e-02   1.22300692e-01  -1.40417501e-01  -4.56185415e-02
   -1.84870899e-01  -4.86164726e-02   5.20116352e-02  -1.72578603e-01
    1.28490776e-01  -6.43461617e-03  -8.10987502e-02  -7.55461678e-02
    1.77054584e-01  -1.17617078e-01   1.14263497e-01  -1.17990777e-01
   -1.77914232e-01  -6.91670924e-02   3.40726860e-02   1.29550040e-01
    2.70298775e-02   1.26211137e-01]
 [ -1.17928058e-01   2.13741302e-01  -5.56828491e-02  -2.48166360e-02
   -2.34467201e-02   1.48459032e-01  -1.78827792e-01   1.82202473e-01
   -1.35533065e-01  -4.00107168e-02  -1.35917515e-01   6.55709533e-03
   -4.10582386e-02  -6.15258142e-02   1.30234212e-01  -1.67336702e-01
    1.72239497e-01  -3.56470682e-02  -1.44591570e-01   1.94619074e-01
    1.25609219e-01   1.45820618e-01   1.07315809e-01   1.05400302e-01
    1.79411247e-01  -1.65230706e-01   2.35845834e-01  -2.07300797e-01
   -1.51861265e-01  -1.37523726e-01  -1.59432083e-01  -4.89864871e-02
    1.04403600e-01   2.14511901e-01  -1.38082102e-01  -1.45180821e-01
   -1.18388183e-01   5.56421205e-02   1.82229355e-01   9.80180968e-03
    1.64235175e-01  -1.27622053e-01  -7.15721250e-02   1.10436127e-01
    1.37161240e-01  -1.79670453e-01   1.35837540e-01  -1.74499959e-01
    2.29222327e-02   1.52489051e-01]
 [  4.50147092e-02  -6.74334019e-02   4.97194268e-02   2.08031565e-01
   -8.11133534e-02  -9.59734544e-02   5.49338907e-02   1.68453261e-01
   -1.03892870e-01   4.84350286e-02  -1.33201227e-01  -3.35480794e-02
   -2.63493881e-02   1.29035473e-01   9.66756120e-02   1.44606888e-01
    4.17588577e-02  -8.34172368e-02   1.98661014e-01  -1.29299797e-02
    7.63850957e-02   8.73705000e-02  -1.34901151e-01   8.27279985e-02
   -1.36981502e-01  -6.67166337e-02  -1.64164960e-01  -1.74860954e-01
   -1.25187859e-01  -3.63159068e-02   4.50316705e-02  -5.55749610e-02
    1.55644432e-01  -1.51664376e-01   1.76612914e-01  -4.50902507e-02
   -4.61706407e-02   3.59833315e-02   1.32017499e-02   2.07970902e-01
    1.25127852e-01   1.29094288e-01  -6.42764568e-02  -5.04615754e-02
    4.06788141e-02  -4.68352512e-02  -1.26608074e-01  -1.41911700e-01
   -2.29422264e-02   1.44023955e-01]
 [ -1.24185592e-01   4.46987785e-02  -7.08301459e-03  -3.96270957e-03
   -3.92749235e-02   1.91620179e-03  -9.44709778e-03  -1.08200543e-01
   -1.06225438e-01  -8.49580467e-02  -1.32049948e-01  -7.83162564e-02
   -9.21769589e-02  -2.19225213e-01  -9.20796469e-02   1.63266100e-02
    1.14813350e-01   2.12425292e-01   1.19061463e-01  -7.93344378e-02
    5.59919477e-02   8.05590022e-03  -1.64521888e-01   1.61194474e-01
    3.15773860e-02   2.21759602e-02  -1.78824916e-01   5.30942641e-02
   -2.00968713e-01  -7.42462948e-02  -6.71148971e-02  -1.91513151e-02
   -1.06452078e-01   2.43721809e-02   3.32420357e-02   1.16887085e-01
    1.93768054e-01   1.68385401e-01   1.02682807e-01   6.29231334e-02
    1.14231952e-01  -2.45178752e-02   1.93597749e-01   1.38751090e-01
    6.50973395e-02  -1.00772388e-01   2.62801237e-02  -7.07808286e-02
    5.72829023e-02  -6.31785691e-02]
 [  1.79138333e-01  -1.78935789e-02  -4.11349647e-02   9.95262340e-02
    1.19387478e-01  -1.31718293e-01   6.19172417e-02   1.70713976e-01
   -7.07707480e-02   3.00724581e-02  -1.83187604e-01  -3.09022553e-02
   -1.25674039e-01  -1.64153323e-01   9.29557756e-02   6.73718154e-02
    4.09572944e-02  -8.81393328e-02  -9.53256264e-02   9.42806154e-02
    3.07401852e-03   1.99772239e-01   7.99768418e-02  -1.36937663e-01
   -1.50662243e-01  -1.83326811e-01  -1.18695144e-02  -1.14362605e-01
   -3.08533497e-02   3.48419100e-02   1.82462148e-02  -1.51312292e-01
    2.76816660e-03  -4.03766595e-02  -6.26578480e-02  -1.11896761e-01
    1.24379233e-01   9.83905271e-02  -1.76967666e-01  -2.09533960e-01
   -2.09064841e-01  -1.90187022e-01  -3.35806273e-02   9.96151045e-02
    1.64097175e-01   2.10300609e-01  -9.32454839e-02   6.29851520e-02
   -1.29926145e-01  -1.75557107e-01]
 [  1.77164748e-01   1.49053499e-01  -1.32312015e-01  -1.88568175e-01
   -4.36275713e-02  -1.41358495e-01   1.05717890e-01   1.84266292e-03
   -8.59673619e-02   4.56572361e-02  -1.19887136e-01  -4.39148881e-02
   -4.66309376e-02   6.11626506e-02   1.36562556e-01   1.66768879e-02
    1.87282071e-01   2.02247411e-01  -1.74407229e-01   2.20685482e-01
   -1.12315528e-01   1.13791272e-01   2.08301872e-01  -1.62233755e-01
    5.41363172e-02  -6.70162216e-02   2.25128941e-02   1.05758216e-02
    1.49074733e-01  -9.72840935e-02  -1.95373088e-01   1.54585317e-01
   -1.99967399e-01  -1.06935933e-01   2.01146111e-01  -1.21407963e-01
    1.69419244e-01   1.77749574e-01   1.06990449e-01   6.48643821e-02
   -1.54889584e-01   4.88772057e-02   1.73820443e-02   8.06757063e-02
    2.01673850e-01  -1.12321183e-01   1.89359143e-01   4.51337099e-02
   -1.97108701e-01   8.61525759e-02]
 [  1.18874803e-01  -9.79380086e-02  -2.18573526e-01   1.52988076e-01
    2.20120639e-01   4.87835221e-02  -1.54379467e-02   1.86454896e-02
    2.13917166e-01   1.62025690e-01  -4.92007136e-02  -1.13904610e-01
   -6.73558488e-02  -1.85552090e-01  -6.03847578e-02   1.22030817e-01
    9.07054171e-02  -1.11095272e-01  -1.22587897e-01  -1.41073674e-01
    1.44740298e-01  -9.03123692e-02   4.73014712e-02  -1.30210817e-01
    2.04063147e-01  -1.00772180e-01   2.19609126e-01  -1.71920821e-01
   -1.22079529e-01  -1.37461741e-02   1.93423882e-01   8.25946108e-02
   -1.73256159e-01   1.73815370e-01  -1.93166047e-01   9.65475738e-02
    1.91812858e-01  -1.49187446e-01   2.11871073e-01   3.16704065e-02
   -1.29071489e-01  -1.72146559e-01  -2.36469563e-02   5.59280552e-02
    1.88784152e-02  -1.91839936e-03   1.52387574e-01  -1.95006624e-01
    6.25537932e-02   1.21244468e-01]
 [  1.30213544e-01   5.43512627e-02   1.09018525e-02  -7.69412937e-03
    7.02205971e-02   1.80005074e-01   1.12218931e-01  -1.08657274e-02
    1.02580950e-01   1.40612489e-02  -1.97920427e-01  -1.18222021e-01
   -1.52329341e-01   7.65582696e-02  -5.37948385e-02  -1.27493516e-01
   -1.72473222e-01  -7.30235875e-02  -6.18305169e-02   8.32319707e-02
   -2.16744225e-02  -7.53967091e-02   1.94241062e-01   4.51187044e-02
    3.92525382e-02   1.95728943e-01   9.62992609e-02  -1.87475786e-01
    1.80069029e-01  -3.47867087e-02  -7.77804293e-03   1.79990008e-01
   -2.07934305e-01   5.45037836e-02  -8.58175755e-02   2.07154483e-01
    1.40029207e-01   1.89113721e-01   1.65697694e-01   1.37072876e-01
   -7.63753057e-02  -6.91822693e-02  -1.08705111e-01  -1.83280602e-01
    1.74679965e-01   2.10120499e-01  -8.42511877e-02  -1.05331719e-01
    5.71697354e-02  -1.07591428e-01]
 [ -8.11000094e-02   7.24464059e-02  -1.62290081e-01   8.05665553e-02
   -3.13140382e-03   2.09338009e-01   1.88437223e-01   4.86912914e-02
    5.65549061e-02  -2.36462727e-02  -1.13305561e-01  -1.57160729e-01
    6.31747171e-02   1.48528099e-01   1.24495327e-01  -1.84484243e-01
   -4.76991199e-02   1.40303016e-01   3.32596973e-02  -6.79256544e-02
    9.74254236e-02   1.70774892e-01  -1.43083245e-01   1.69836059e-01
    1.92255422e-01   8.86130109e-02  -2.20382232e-02  -1.84338227e-01
    2.05085933e-01   1.10023491e-01  -1.24749981e-01   4.39567231e-02
   -2.53156666e-03  -1.06959917e-01  -1.30994573e-01   3.51242609e-02
   -2.03474730e-01   1.70844108e-01  -1.21993698e-01  -1.19937509e-01
   -3.79317515e-02  -6.71416000e-02  -1.61289349e-02  -1.82723507e-01
    1.64656937e-01   1.22605845e-01   7.14489296e-02  -1.54764324e-01
   -1.52073102e-02   1.91415489e-01]
 [  2.25017488e-01   1.59678776e-02   6.64362833e-02  -8.49436671e-02
   -8.02465454e-02  -1.67126343e-01   9.98303443e-02   1.38273582e-01
    9.56090353e-03  -2.13184021e-02   1.67953834e-01   1.65640637e-01
    1.78668961e-01   8.50238875e-02  -3.13182250e-02  -1.62299424e-01
    3.81846353e-02   1.12272106e-01  -8.69285837e-02   1.44941270e-01
    6.59360439e-02  -1.69593051e-01   2.18285814e-01   8.22743624e-02
    1.30848378e-01  -1.18267909e-01  -5.32350130e-02  -5.65443449e-02
   -1.80632830e-01  -1.35039583e-01   2.02522159e-01  -1.84186429e-01
   -3.98032032e-02   1.40103012e-01  -8.17534924e-02   1.78916678e-01
   -8.35524499e-02   1.06730707e-01  -1.50770764e-03  -1.27766669e-01
    2.14849785e-01  -2.04024509e-01   2.12735370e-01  -4.34773490e-02
   -7.57327154e-02   2.61661503e-02  -6.67166412e-02  -1.48062408e-02
    1.09129958e-02   8.56576040e-02]
 [ -2.10721076e-01  -8.60735700e-02  -1.28578290e-01  -9.61443558e-02
    2.00788289e-01  -2.05061972e-01  -1.96726263e-01   5.75778410e-02
   -1.57360360e-01   1.60458460e-01  -3.10838539e-02   1.81455821e-01
    1.16280012e-01   5.37950210e-02  -8.92651454e-02  -1.20565213e-01
   -7.50476941e-02  -3.66529860e-02  -7.14849457e-02  -5.41783720e-02
    1.81841329e-01  -1.79120392e-01  -1.21592090e-01  -2.08903491e-01
    3.13156173e-02  -7.10659847e-02   2.15602711e-01   8.21039081e-02
    9.18680355e-02   7.64384270e-02  -4.55041490e-02   1.36289939e-01
    1.18229859e-01   1.69988662e-01   2.09201172e-01   2.04170719e-01
   -6.14231601e-02   1.28415868e-01   8.01760927e-02  -1.91407934e-01
   -1.60001323e-01   1.98577285e-01   1.91714600e-01  -7.81616196e-02
   -1.77720144e-01   1.70854181e-01  -3.88642326e-02  -1.53894231e-01
    1.15906531e-02   8.61725733e-02]
 [ -9.00183246e-02  -5.36310226e-02   5.58605567e-02   1.47587255e-01
    2.92110946e-02  -1.51882604e-01   9.27139968e-02   1.80683732e-02
   -6.62703961e-02   2.05492333e-01   2.65083183e-02   1.00815542e-01
    1.36687294e-01  -1.51906505e-01   1.45579249e-01   6.44628853e-02
    8.53065178e-02   8.89269412e-02   2.74999868e-02   1.43237099e-01
    8.16041753e-02  -8.61764625e-02  -1.63768202e-01  -1.52742654e-01
   -9.72516928e-03   1.74231127e-01   1.59598038e-01  -5.01084626e-02
    4.58417945e-02  -2.33788677e-02   1.92705318e-01   2.17453435e-01
   -9.38484222e-02  -8.21907260e-03  -1.64529800e-01  -1.81206122e-01
    5.94032593e-02   6.67167231e-02  -1.66467413e-01   1.12003192e-01
    1.15760244e-01   1.87466270e-03  -9.06917527e-02   8.68851840e-02
    2.93416977e-02  -3.96435894e-02   1.64965451e-01   1.83594301e-01
    1.34195462e-01   1.15038462e-01]
 [ -7.98025448e-03  -1.01099268e-01   2.11462930e-01   5.48695307e-03
    4.29821992e-03   1.07144929e-01  -9.44449604e-02   1.54650677e-02
   -6.22348934e-02   2.75112502e-02   1.11274287e-01   1.59158185e-01
   -8.69038794e-03   6.29024059e-02  -3.53853144e-02   1.85961857e-01
   -2.06635579e-01  -8.61881748e-02  -8.67738649e-02  -1.59483165e-01
    1.40195429e-01  -1.19667701e-01   1.29145429e-01  -1.40388027e-01
    9.95836705e-02   6.52074302e-03  -2.11142898e-01   6.60474598e-03
   -2.00340107e-01   6.43187836e-02  -6.72832131e-02  -1.40971214e-01
    5.01285587e-03  -1.14039712e-01   1.92013934e-01  -1.71193555e-01
   -5.24051562e-02  -1.92587525e-01  -8.59505832e-02  -5.63178584e-02
    6.49758130e-02   1.09176226e-01   1.65263548e-01   9.72799435e-02
    1.17419705e-01   7.55211413e-02   1.46852300e-01  -1.99601337e-01
   -1.34599566e-01   1.92910984e-01]
 [ -1.44809216e-01  -5.25791608e-02   2.60450523e-02  -2.48438809e-02
    9.12927240e-02   1.37062654e-01   1.82750374e-01  -1.63266242e-01
   -5.25496677e-02  -1.18071683e-01  -6.26477152e-02  -6.39692917e-02
   -1.71131699e-03   1.58093303e-01   9.30811614e-02   8.21956545e-02
    5.17800301e-02  -5.59858829e-02   1.17124110e-01   1.84749722e-01
   -4.17068787e-02   1.28286228e-01   1.71859920e-01  -2.10286796e-01
   -1.30057096e-01  -1.53490622e-02  -7.27381259e-02  -5.19904494e-03
    1.09413706e-01  -1.01683468e-01  -6.22410625e-02  -8.51902515e-02
    8.19254667e-02   8.41031969e-02  -7.50514790e-02  -9.94745716e-02
   -1.22843221e-01   9.79085639e-02  -5.76382913e-02   1.03120157e-03
    1.62578881e-01  -1.55137002e-01  -1.48902554e-02  -4.08729613e-02
   -1.07100025e-01   1.32530287e-01  -8.02324712e-02  -1.65530995e-01
   -1.98015139e-01   9.40837245e-03]
 [  9.61946025e-02  -1.29356042e-01  -1.11613087e-01   1.92149177e-01
    5.06533831e-02   3.50944027e-02  -2.05922216e-01  -1.24249943e-01
    1.54210523e-01   3.90822440e-02  -1.05173029e-01   1.95747137e-01
   -1.95073307e-01   1.59821615e-01  -7.83373639e-02  -5.23329973e-02
    1.88472316e-01   1.02566414e-01  -9.73774940e-02   9.78309438e-02
    9.88322962e-03   1.31300732e-01  -4.03831936e-02  -1.05604045e-02
   -7.28134140e-02   1.76378250e-01   2.02475205e-01  -5.35775013e-02
    1.32925987e-01   2.02520952e-01   1.21318154e-01  -1.65920377e-01
   -4.13681334e-03   1.94608063e-01   1.37395233e-01   1.29034773e-01
   -1.64445825e-02   2.05636591e-01  -1.56169552e-02   2.95740236e-02
    8.09484813e-03   1.86785266e-01  -1.08598664e-01  -1.37190416e-01
    1.76969349e-01  -1.95162624e-01  -9.22105238e-02   7.99871460e-02
   -1.15909547e-01   1.65412441e-01]
 [ -8.82660151e-02   1.89372763e-01   1.48639023e-01  -1.73268333e-01
    1.21169314e-01  -6.65813759e-02  -2.94660609e-02  -1.45489732e-02
   -2.06358299e-01   1.96553975e-01   2.17314526e-01  -8.52318257e-02
   -1.50060982e-01   8.62596333e-02   1.61067829e-01  -1.06135905e-01
    1.23692937e-01   5.40190488e-02   2.00807303e-01  -1.61060497e-01
    1.33915171e-01   1.10148847e-01  -5.74476458e-02  -1.79561734e-01
   -9.27533880e-02   2.43682593e-01  -3.63715142e-02   1.40059188e-01
   -1.12555608e-01   4.29024063e-02   9.63314548e-02   1.13148734e-01
    1.54218197e-01  -2.09372893e-01   7.06250444e-02  -1.34105869e-02
   -1.11225024e-01   3.71981040e-02  -1.96640596e-01   2.06390798e-01
    3.22348438e-02  -4.40037325e-02  -6.59606978e-03   1.90764681e-01
   -1.21272273e-01   2.87471451e-02  -4.23535295e-02  -1.70290500e-01
    2.07445268e-02   7.52393454e-02]
 [  4.88629378e-02   1.53105855e-01  -5.99975325e-03   1.80071816e-01
    2.19807580e-01   3.05759609e-02  -1.79865688e-01  -2.27732379e-02
    7.39755034e-02   5.30762821e-02   1.90502495e-01  -1.70648128e-01
   -1.08064234e-01   1.87621444e-01  -1.13144770e-01  -1.07798032e-01
    1.22366697e-01   6.32501096e-02   7.52437813e-03   5.64514585e-02
    2.07032561e-01   1.15683191e-01   3.34094204e-02   1.62208930e-01
    1.98224470e-01  -7.94075802e-02  -2.03558043e-01  -1.30026981e-01
   -1.34918824e-01   9.92878973e-02   8.54656175e-02  -1.17562689e-01
   -2.91101467e-02   2.08041370e-01   1.48163602e-01  -1.33006752e-01
   -1.95853971e-02   2.13703811e-02   9.36790332e-02   6.31038249e-02
    3.80863212e-02  -1.26053140e-01  -1.53705791e-01  -4.86774519e-02
    1.16581939e-01   1.26510918e-01   9.19757485e-02  -8.73496830e-02
   -1.44813895e-01  -4.79814820e-02]
 [  4.10068594e-02  -1.17599942e-01  -6.59727305e-02   1.27688661e-01
   -1.61504839e-02  -9.97143984e-02  -1.36617562e-02  -1.05113886e-01
   -1.48439109e-01   5.67980023e-05  -1.34480760e-01  -1.16938069e-01
   -1.60828874e-01  -1.04844898e-01  -1.21388257e-01   1.81202143e-01
    1.69307709e-01   1.32525980e-01  -1.98801607e-01  -9.71171185e-02
   -9.75982472e-03   1.12395816e-01   1.36701465e-01  -6.91853687e-02
   -1.63923413e-01  -1.40666747e-02  -1.01972900e-01   8.91262814e-02
    9.61805731e-02   1.23936728e-01   9.16138515e-02  -9.56787392e-02
    2.72229202e-02  -1.31532639e-01  -1.32634908e-01  -2.47705821e-02
    1.39463842e-01  -1.00036189e-01  -1.39342561e-01   1.37201861e-01
   -1.55292869e-01  -1.26894832e-01   1.29113838e-01  -6.70796558e-02
   -5.59819713e-02  -1.14679895e-01  -7.98347294e-02  -1.86104879e-01
   -9.18304846e-02   3.78552675e-02]
 [ -6.98338225e-02   1.36337012e-01  -6.87788501e-02   1.59163326e-01
    9.16183367e-02   9.41520706e-02  -1.05370365e-01   1.31046474e-01
   -6.41533658e-02  -2.01770701e-02   1.30905062e-01  -1.55086547e-01
    1.81256711e-01  -9.17433053e-02   5.92596047e-02   3.30447368e-02
   -1.53042004e-01   1.84946269e-01   3.57232355e-02   1.03858761e-01
    5.97611852e-02  -1.31600380e-01  -6.62167370e-02   1.47988275e-03
    1.58785671e-01   1.59910381e-01   1.21887840e-01  -1.70112133e-01
    4.22031619e-02  -1.93571717e-01  -1.31544530e-01   1.84438914e-01
    7.69263878e-02   1.62059814e-01   1.72226280e-01  -3.31827812e-02
   -9.20793265e-02   1.03594325e-01   2.05131128e-01   1.30833745e-01
    1.13629140e-01  -5.77660687e-02  -8.81672800e-02  -2.36276053e-02
    6.91932440e-02   1.57839209e-01  -7.86752701e-02  -2.01019689e-01
   -1.38140798e-01  -5.96844330e-02]
 [  1.42720997e-01   2.03439489e-01   7.79895857e-02  -3.16298171e-03
    6.04837947e-02  -2.49812379e-02  -1.37968019e-01  -1.84040770e-01
   -4.65536825e-02   1.01085968e-01   1.89834282e-01   1.86274886e-01
   -1.29234359e-01   8.89765471e-02  -1.76262096e-01   7.39403516e-02
   -1.26255289e-01   1.89067125e-01  -1.08961441e-01  -1.42848819e-01
    1.22926429e-01  -1.47296622e-01   5.65697737e-02   9.77317914e-02
   -1.97172657e-01  -1.68669105e-01  -2.14835763e-01   1.69505596e-01
    2.95521114e-02   8.94717574e-02   4.99624796e-02   1.32049561e-01
   -1.54951558e-01   1.81424528e-01   4.76992615e-02  -1.85513958e-01
   -1.16125971e-01  -6.49743751e-02  -5.67173325e-02   3.57732810e-02
   -3.17012109e-02   1.59983009e-01  -1.48121521e-01   4.73400205e-02
    2.09045112e-01   4.36135828e-02   2.22654894e-01   3.95189449e-02
   -2.59586051e-02   8.56762752e-02]
 [ -9.21833888e-02   9.35520902e-02   2.16848105e-01   8.29778537e-02
    1.34019271e-01  -1.28689870e-01   1.16931126e-01   2.00836360e-01
   -1.30243646e-02   1.46435335e-01  -4.06816117e-02   9.41338250e-04
    1.42420098e-01   5.11230752e-02   3.48293185e-02  -9.63951275e-02
    8.17494169e-02   1.53744102e-01   5.17360158e-02   4.60591689e-02
    9.43519026e-02  -9.92075875e-02  -1.58922061e-01   1.60866871e-01
   -5.36036156e-02  -1.62424907e-01  -1.33037075e-01  -1.04999177e-01
   -1.05074622e-01  -6.85626939e-02  -1.36308804e-01  -1.52143762e-01
   -7.91503349e-04  -9.65088047e-03  -1.95750847e-01   1.24453582e-01
    2.04580754e-01  -2.54511945e-02   7.67575018e-03   7.82540217e-02
   -1.75952032e-01  -1.18536241e-01   9.00601894e-02   1.55492127e-01
   -8.02228972e-02  -1.43292233e-01  -1.69135869e-01   1.05992600e-01
    1.47231072e-01  -9.49557349e-02]
 [ -1.31551251e-01   1.32949620e-01  -1.58947319e-01   2.16992944e-01
   -1.92791015e-01   1.17486194e-01   9.03325528e-02  -1.72222689e-01
    7.14455843e-02  -1.76916227e-01  -1.90861627e-01  -1.96761593e-01
   -1.07937068e-01   1.73437178e-01   9.57449228e-02  -1.32004753e-01
   -1.55581117e-01   1.55655369e-01   4.13795710e-02   1.11884110e-01
   -1.35201901e-01   9.15049314e-02  -1.47183919e-02  -1.90435365e-01
    1.59594312e-01   3.02257184e-02  -9.13105533e-02   2.07463980e-01
    7.11111501e-02   5.76800890e-02  -4.43906859e-02  -1.02536753e-01
   -1.70608044e-01   1.13591701e-01  -5.73348552e-02  -7.30712898e-03
    1.47361681e-01  -1.73223361e-01   2.02647477e-01   1.68325573e-01
    1.54613078e-01   1.30712554e-01  -1.30998120e-01  -1.90209210e-01
   -5.98976612e-02  -1.98239014e-01   1.56126708e-01  -1.29978567e-01
    4.05755006e-02   1.62241131e-01]
 [  1.27390027e-01  -1.21157333e-01   1.16258174e-01   1.90332547e-01
   -1.78577423e-01   1.18098781e-02  -7.02205226e-02  -8.72128978e-02
   -5.95618854e-04  -1.62745684e-01   2.01305389e-01   3.82937565e-02
    1.80105850e-01   1.74643233e-01  -1.28503386e-02   5.26378229e-02
   -1.76830336e-01   1.38076954e-04  -3.27990837e-02   5.39696403e-02
    3.84017341e-02   1.29500568e-01   1.79018915e-01  -1.11900166e-01
   -7.61637986e-02  -7.89326429e-02  -6.69351518e-02   1.62530601e-01
    5.97175844e-02   1.06229290e-01   5.59479510e-03   1.00790501e-01
   -1.22908868e-01   7.82904550e-02  -1.35960013e-01  -6.87456783e-03
   -1.20225977e-02  -5.05222790e-02   1.25889882e-01  -4.98322323e-02
    1.13444515e-01  -1.93862259e-01   1.99430957e-01   1.77896082e-01
   -5.54413572e-02  -2.02348903e-01  -3.26925106e-02   1.57395899e-01
   -2.14724809e-01  -1.22158537e-02]
 [  1.44445062e-01  -1.26382262e-01   7.39042088e-02   5.35289608e-02
    1.24480560e-01   4.42765467e-03  -3.46058840e-03   6.48072883e-02
    1.82645991e-01  -2.59068925e-02  -1.79108560e-01   1.42324403e-01
   -1.58555001e-01  -1.37811629e-02  -4.65250872e-02  -3.90663929e-02
   -1.58702374e-01   7.17257038e-02  -1.85278401e-01   1.56089917e-01
    4.20618616e-02  -1.51129723e-01  -1.21389396e-01  -3.57727557e-02
    5.31457067e-02  -1.87075585e-02   2.05479831e-01   2.36040689e-02
    1.48346663e-01  -6.12844639e-02  -9.02156681e-02  -1.35960415e-01
   -1.58605754e-01  -1.25338316e-01   1.90281868e-01  -8.22336674e-02
    2.26827174e-01  -5.39459521e-03  -4.45742272e-02   2.37456858e-02
   -1.79128274e-02  -5.71124367e-02  -1.47401109e-01   1.39857829e-01
    9.43004489e-02   5.47245378e-03  -4.07637656e-02  -6.58322573e-02
    1.18396051e-01  -7.15445280e-02]
 [  2.78229248e-02   2.03073993e-01  -1.79216012e-01   7.01916665e-02
   -5.90054654e-02  -2.51638480e-02   1.24251351e-01   1.72233209e-01
    7.65132606e-02   1.39854327e-01   6.99224398e-02   1.60710275e-01
    7.97293708e-02  -1.53072715e-01   5.46320565e-02   1.32245332e-01
    7.00804144e-02   4.86142561e-03   6.54593259e-02  -1.79409876e-01
    1.78388674e-02  -1.57778502e-01   1.10016987e-01   3.41579951e-02
   -3.54806595e-02  -5.84631525e-02   3.11200228e-03  -1.65347561e-01
   -5.02598435e-02  -3.81494116e-04  -1.25665247e-01   1.35732785e-01
   -7.91981146e-02  -1.20278090e-01  -1.79604709e-01   1.07331656e-01
   -6.06241561e-02  -3.47661227e-02  -2.90542990e-02  -6.90549836e-02
   -1.61429197e-01  -2.28858311e-02  -1.18773147e-01   4.86319177e-02
   -8.15942064e-02  -4.10422198e-02  -1.17643982e-01   1.97887607e-02
   -4.41643149e-02  -1.51751712e-01]
 [ -1.51034936e-01   6.73175305e-02   1.29868284e-01  -1.46892697e-01
   -7.18817785e-02  -1.19166456e-01  -1.51693821e-01   8.44742134e-02
    5.09616397e-02   2.24396989e-01  -1.26757815e-01   1.74212873e-01
   -1.83590785e-01  -1.40970470e-02  -1.27650619e-01  -8.15343633e-02
   -1.68289561e-02  -2.92487424e-02   8.99898708e-02   2.44670380e-02
    6.15651086e-02  -1.00346491e-01  -2.00945169e-01   9.72763821e-02
    1.27598256e-01  -2.02198878e-01  -4.97066453e-02   2.10557833e-01
    8.87541473e-02   9.71197337e-02  -1.92181304e-01   1.81709200e-01
   -3.84801552e-02  -6.74622953e-02  -2.08983019e-01   1.90769851e-01
    1.32848695e-01   2.23973915e-01  -1.27996936e-01  -1.28424436e-01
    6.91655725e-02   5.05574271e-02  -1.00362509e-01   1.71926588e-01
   -1.42471015e-01  -1.72665656e-01   1.77792653e-01   1.21901467e-01
    3.95189226e-02  -1.66645661e-01]
 [  1.78698674e-01   7.24411532e-02  -6.74374178e-02  -1.69376105e-01
    1.43973395e-01  -1.64051205e-01   1.83890566e-01  -8.91652778e-02
   -3.37655284e-02  -4.76013161e-02   1.70193911e-01   1.83247905e-02
   -7.30509087e-02  -1.73965648e-01  -4.81536165e-02  -3.39930281e-02
    2.35942870e-01   1.94785058e-01   1.85353786e-01   7.78572261e-03
   -1.19105317e-01   2.11077124e-01   1.56178921e-01   1.85254723e-01
   -6.54319078e-02  -8.35397467e-02   2.06236914e-01   1.50949851e-01
    1.64247379e-01  -4.90597151e-02   1.87801793e-01   8.52742642e-02
    5.36933877e-02  -7.14922696e-02  -7.91416839e-02  -1.25575304e-01
   -1.23970874e-01   3.32891904e-02   2.17747092e-02   1.54496774e-01
    8.21612477e-02   1.98838279e-01   1.13441095e-01  -1.09236829e-01
   -1.43689454e-01   9.23122764e-02   1.31595964e-02   1.61233038e-01
   -2.19293442e-02  -1.15337834e-01]
 [ -1.04338489e-01   6.55623339e-03   1.45068169e-02   1.94420621e-01
   -8.17027614e-02   1.72912300e-01   5.94552280e-03  -1.98087424e-01
   -1.41906857e-01   7.69436136e-02   1.69383287e-01   5.80086708e-02
   -6.09280318e-02   2.19976693e-01   3.73592190e-02   1.01076581e-01
   -1.50246114e-01   2.12011971e-02   6.16225190e-02  -1.10268101e-01
   -1.06117703e-01  -1.00898668e-01   2.04070598e-01   1.47431552e-01
   -3.50012854e-02  -1.74608886e-01   4.13681641e-02  -2.03545496e-01
   -1.02467209e-01   5.29744178e-02   1.62609965e-01   7.56149143e-02
    1.41716406e-01   1.52759343e-01  -9.46884155e-02   2.41677109e-02
    1.85715050e-01   1.50656521e-01  -1.97362870e-01   1.49242356e-01
    1.07021034e-01  -3.55443619e-02  -2.56366301e-02  -1.70396075e-01
    1.51498869e-01   1.16897419e-01  -5.82473725e-03   2.16256961e-01
   -1.77097261e-01   1.66199014e-01]
 [ -9.22586024e-02   7.43224993e-02   2.03266174e-01  -1.73006624e-01
   -8.24958161e-02   4.54233140e-02  -1.27272069e-01  -1.93560794e-01
    1.45941839e-01   4.50289100e-02  -1.68312073e-01   1.44438267e-01
   -1.88272253e-01   9.97001827e-02  -8.25083777e-02   5.07617630e-02
   -1.84051618e-01  -1.67809069e-01   2.07562774e-01  -1.34062976e-01
    8.43604505e-02   1.58535838e-01   1.47301164e-02   4.85484749e-02
    1.47229880e-01   1.75185390e-02   8.09679851e-02  -1.21962078e-01
   -1.25978768e-01  -2.90533211e-02  -9.86740738e-02   2.43796818e-02
    1.53966442e-01   6.73496127e-02  -6.91992939e-02   8.79876241e-02
   -6.51863124e-03   9.90163684e-02  -3.57847176e-02   5.71460798e-02
   -1.91953078e-01  -1.45172909e-01   8.89121220e-02   2.74352022e-02
    1.09121483e-02  -1.67129278e-01   6.85391128e-02   4.61087599e-02
   -7.11534172e-02   2.22290441e-01]
 [ -3.13007571e-02  -1.04073040e-01  -1.27448529e-01  -4.90226969e-02
   -2.33042892e-02  -1.08431980e-01   7.00943768e-02   3.21390331e-02
    2.01834202e-01  -1.90095901e-01   8.69709849e-02   2.09744692e-01
    7.15600373e-03   1.39240012e-01  -3.50671560e-02   6.78109527e-02
   -1.44301549e-01   1.40762582e-01  -2.58500613e-02  -1.16574876e-01
   -1.20056510e-01   1.70211017e-01   4.11574580e-02   2.20899954e-01
    1.11266151e-01   4.94514816e-02   2.15873808e-01   3.49666923e-02
   -6.50592819e-02  -1.21235782e-02  -3.38429697e-02   8.08075443e-02
   -1.46953464e-01   7.85354748e-02   1.85749158e-01   2.70253010e-02
    1.37307286e-01   1.29058748e-01   1.19129181e-01  -6.59947395e-02
   -1.99368626e-01   1.34229556e-01   3.51534262e-02   6.62446246e-02
   -1.23806097e-01  -5.39917722e-02  -1.43163830e-01  -1.37377709e-01
    1.14864007e-01  -1.31009901e-02]
 [ -1.26971379e-01  -1.68787464e-02   7.03948131e-03  -8.47706571e-02
    4.56444640e-03   5.07644117e-02  -1.10648841e-01  -2.13010922e-01
    7.89576035e-04  -6.16963357e-02  -1.82027712e-01   7.86620453e-02
   -2.16081038e-01  -2.07002491e-01   1.76985294e-01   3.92330922e-02
   -2.66672485e-02  -4.68508229e-02   1.79598048e-01   1.03398666e-01
   -1.69114931e-03  -1.03172742e-01  -2.30530091e-02   1.62574917e-01
   -9.17685553e-02  -1.16797403e-01  -1.83972552e-01   4.64635566e-02
   -9.25510228e-02  -1.23856053e-01   4.32883427e-02   1.17159309e-02
    1.09023184e-01   9.27604851e-04   2.66895257e-02  -1.12536676e-01
    1.19864620e-01   4.63245064e-02  -1.38099864e-01  -1.22512288e-01
    3.37964036e-02   2.11290792e-02   1.76574126e-01   1.66422963e-01
   -1.00765415e-01   1.62737831e-01  -1.09147988e-01   7.08732009e-02
    1.12738021e-01  -1.62806939e-02]
 [  1.39232039e-01   1.07444122e-01  -1.04751736e-01   1.27035081e-01
   -6.15476817e-02   1.40218332e-01   7.57402256e-02   2.27771252e-02
   -5.88984974e-02  -7.75900036e-02   5.18234931e-02   4.89212088e-02
    1.07336855e-02  -1.98611870e-01   1.63210407e-01   1.88993976e-01
    1.42242923e-01  -5.04909940e-02   1.75419599e-01  -3.94922756e-02
    6.48687556e-02   1.90322641e-02   7.58081973e-02   9.20559764e-02
   -1.99631206e-03  -1.35594115e-01  -1.79964513e-01  -3.79319564e-02
   -7.98764080e-02  -8.98031369e-02  -1.64697975e-01  -1.67924210e-01
   -2.62054298e-02  -2.28564609e-02   1.45428434e-01  -1.63091183e-01
    4.91952300e-02   1.90208942e-01   5.85476756e-02   2.71391217e-02
   -1.20828353e-01   1.48059204e-01  -9.42453966e-02   1.78076550e-02
   -1.15320027e-01   1.92568853e-01   1.42493725e-01  -1.82083547e-01
   -9.16455835e-02   1.17924877e-01]
 [  3.69049273e-02   8.64481479e-02  -1.38751775e-01   1.17165186e-01
   -1.51846662e-01   2.91706976e-02  -6.68266118e-02  -6.11500479e-02
   -7.49874115e-02  -6.24009594e-02  -7.15213269e-02   1.63590744e-01
    5.11990525e-02  -4.54391874e-02  -6.99370876e-02   1.51066154e-01
    1.21731356e-01   1.27259120e-01  -1.61195710e-01   5.35663078e-03
   -6.35058954e-02   1.85579896e-01   6.68015853e-02  -8.01412910e-02
    4.80808876e-02  -1.97009265e-01  -1.52260527e-01   1.21949844e-01
   -2.04796251e-02   1.34823427e-01  -7.70412534e-02  -1.25919968e-01
    7.75127783e-02   1.25651255e-01  -1.42109603e-01   1.59660846e-01
    8.95853043e-02   6.18238710e-02  -9.03926324e-03   2.32689008e-02
   -1.02095000e-01   7.38782808e-02   1.20905176e-01   6.53989539e-02
   -1.20517775e-01   1.79955631e-01  -1.30922720e-01  -1.13599494e-01
   -1.76853716e-01   1.77863613e-01]
 [  1.68937773e-01   1.89844489e-01  -7.02938950e-03  -1.11655951e-01
    1.33089349e-02  -1.45087674e-01  -1.70659006e-01   8.10386240e-02
   -1.57725543e-01  -1.38811558e-01  -5.92469759e-02  -1.14063002e-01
    5.18274028e-03  -1.51809141e-01   1.01818211e-01   1.57813430e-01
    7.03720469e-03   1.89815313e-01   1.40693486e-01  -7.68867880e-02
   -4.29410152e-02  -4.65636328e-02  -2.10922450e-01  -1.16069596e-02
   -2.48637553e-02  -1.68563768e-01  -1.83877587e-01   1.49024412e-01
   -7.17387795e-02   2.78260652e-02   2.05547035e-01  -8.00372586e-02
    1.80789605e-01  -6.62678014e-03  -9.80358496e-02   5.49482368e-02
   -4.00889777e-02  -6.17100969e-02  -2.78470479e-02  -1.01461068e-01
    1.15624569e-01  -1.33187994e-01  -2.07644999e-01   8.46761987e-02
   -1.79767162e-01  -1.70418317e-03  -1.68679893e-01  -1.72137409e-01
    7.70499706e-02   3.85345668e-02]
 [ -1.63323134e-02  -1.42190680e-01   1.52157590e-01  -1.46330044e-01
   -1.05108537e-01   6.20066971e-02  -1.64221898e-02   1.75207287e-01
    8.91805291e-02   1.08008020e-01   3.08847670e-02   2.15690106e-01
   -6.91792741e-02  -9.24313068e-02  -1.50848851e-01   1.60243049e-01
    2.79503856e-02   4.69102710e-02  -1.49642289e-01   1.32276073e-01
    1.93285093e-01  -1.32192187e-02   2.53723525e-02  -1.41946167e-01
   -1.26698732e-01   1.59610420e-01   8.16524923e-02  -4.56064008e-02
   -1.63908422e-01  -1.43286765e-01   1.17903024e-01   5.68963471e-04
    2.18382152e-03   9.87113453e-03  -1.53457224e-01  -8.51713270e-02
   -1.85873762e-01   1.15547873e-01   2.43975461e-01  -5.80154136e-02
   -1.09504841e-01   2.28671823e-02   2.09473133e-01   2.31422135e-03
    2.05180533e-02   2.02167511e-01   1.46165937e-02   2.20528767e-01
   -1.54486001e-01   9.18879360e-02]
 [  1.96125254e-01  -2.01689109e-01   1.12032667e-01   1.44181311e-01
    2.24430487e-02   1.85907587e-01  -1.40846342e-01   1.99080110e-01
   -1.27766892e-01  -1.90067858e-01  -9.41191241e-03   1.71726272e-01
   -3.86727750e-02   1.66953921e-01   5.45503087e-02  -1.22347906e-01
   -1.65931523e-01   1.35371208e-01  -1.72719762e-01  -1.95974067e-01
    1.25751961e-02  -1.66540504e-01  -1.94520801e-01   3.40894759e-02
   -1.89731330e-01   1.96246639e-01  -3.77361476e-02  -1.10994596e-02
   -1.70899540e-01  -5.46936058e-02  -2.39307601e-02  -3.00470949e-03
   -1.17871419e-01   2.24961132e-01  -1.31497264e-01   8.12285319e-02
   -3.10525708e-02   3.93635742e-02  -1.83377087e-01   1.08851381e-01
   -5.65792359e-02   9.37786605e-03  -2.44463123e-02  -1.70911371e-04
    1.65385976e-01   1.26783505e-01   1.86289027e-01  -8.36267136e-03
   -5.75364530e-02  -1.51727080e-01]
 [ -7.13282973e-02  -2.01311544e-01   1.97968539e-02   6.78746924e-02
   -1.53426856e-01  -1.41249284e-01  -5.78562468e-02   1.63992271e-01
   -1.88048661e-01   9.81314760e-03  -3.36191170e-02  -1.98204458e-01
   -1.72542632e-01  -8.07709768e-02   4.35015410e-02   4.15628999e-02
    6.71588331e-02  -7.64887035e-02   2.18023062e-01  -5.89567684e-02
   -1.16292812e-01   1.70886010e-01  -1.21335953e-01   7.52849430e-02
    1.95695922e-01  -9.20880511e-02   1.56052068e-01   1.69205502e-01
    5.10289408e-02   1.65596604e-01   1.40728146e-01   7.07771704e-02
   -1.21853925e-01  -8.50925297e-02   1.66610360e-01   1.43623844e-01
    1.63789913e-01  -2.71187481e-02  -9.83895138e-02  -1.00048527e-01
    2.52346764e-03  -1.11232392e-01   2.06763759e-01  -9.31566432e-02
    7.72865266e-02  -8.03461298e-03   7.59019628e-02   7.59568885e-02
    3.15599702e-02   1.89906985e-01]
 [ -1.06792353e-01   1.61396787e-01   2.03161210e-01  -1.06384248e-01
   -3.20770256e-02   1.72842681e-01  -6.98647574e-02  -6.87617436e-02
    1.18470661e-01   1.90666821e-02   4.05747779e-02  -7.89171681e-02
   -6.96712211e-02   1.37696832e-01  -5.97478226e-02  -1.82633027e-01
   -9.82417762e-02   1.93376958e-01  -1.73412666e-01  -1.08968563e-01
    6.10835701e-02  -8.06578770e-02   9.63070802e-03  -1.24396794e-01
   -1.14812449e-01  -1.52872637e-01  -1.88615754e-01   3.90185975e-02
   -1.84389323e-01  -5.52986469e-03   1.00505255e-01   1.41366005e-01
   -1.13115601e-01  -5.48645519e-02  -8.78482908e-02   1.10392511e-01
   -1.91908449e-01   5.04392050e-02  -1.37263462e-01   7.07103908e-02
    1.67040616e-01  -7.13320356e-03  -1.03116803e-01  -9.29212272e-02
    1.89288229e-01  -2.09667578e-01  -1.79716080e-01  -9.71197784e-02
   -1.18104890e-01   3.04785892e-02]
 [  1.60946801e-01   1.82761680e-02  -2.55694482e-02   2.09069833e-01
   -9.08439830e-02   9.84054953e-02   8.78419206e-02  -1.37795135e-01
   -1.73459485e-01   2.16846138e-01   1.77476570e-01  -8.33538771e-02
    1.73424602e-01   4.26226184e-02  -1.79515019e-01  -1.39693573e-01
    1.36650443e-01   1.20618373e-01   2.06437767e-01   1.85434788e-01
   -5.42892562e-03  -7.55583271e-02   3.88089344e-02   1.34052843e-01
    9.09373462e-02   1.99254870e-01  -8.58295038e-02  -5.69653213e-02
    7.95448199e-02  -1.41625986e-01  -2.78026308e-03   2.05530256e-01
   -2.44527590e-02   5.29695414e-02   1.88446745e-01  -1.48296252e-01
    1.36739627e-01   4.89505231e-02   1.93477660e-01  -2.55323462e-02
    1.52614430e-01  -1.75730944e-01  -1.97077155e-01   1.75686449e-01
    4.31573130e-02   1.42900482e-01   7.47577399e-02  -1.19302079e-01
    8.34456086e-02   1.40854761e-01]
 [ -8.38060975e-02   1.06226340e-01  -4.04236354e-02   1.13748036e-01
   -1.83848873e-01  -1.06086858e-01  -1.67392179e-01  -1.83071673e-01
    4.44641560e-02   1.53233007e-01   5.19143492e-02   1.14542469e-01
   -1.24929324e-01  -1.21372342e-01  -1.36408526e-02  -7.73144960e-02
   -2.69712768e-02  -1.03582315e-01  -1.95757031e-01   2.82449499e-02
   -1.48248151e-01   1.05022557e-01   5.45779057e-02  -7.97259286e-02
    2.09589437e-01  -1.44586980e-01   5.24067581e-02   1.07397534e-01
   -1.44488871e-01   2.05628246e-01   1.30748034e-01  -6.52844906e-02
    2.97289633e-04  -1.07074212e-02  -1.64284602e-01   1.92459062e-01
    7.04404935e-02   1.20393611e-01  -1.17682837e-01  -1.31410956e-01
   -2.12109778e-02  -1.17931366e-01  -7.12598339e-02  -1.81526929e-01
    9.20446366e-02  -8.87965187e-02  -4.27613780e-02   1.36131409e-03
   -1.51885763e-01  -9.31907594e-02]
 [ -1.15778446e-01  -6.92280289e-03   1.69453993e-02   6.10304400e-02
    1.26531273e-01   1.87898695e-01  -2.11265400e-01   1.88701153e-01
    6.09564558e-02   6.99224994e-02  -1.56746879e-01  -4.80239354e-02
    5.49520962e-02  -7.59153888e-02   1.57303795e-01   5.86713105e-02
   -1.25622094e-01   7.86551386e-02   2.75706057e-03  -8.80723968e-02
    1.22742325e-01  -1.76012293e-01  -1.30352557e-01  -6.94653466e-02
   -1.37805894e-01   1.98206112e-01   1.89844340e-01  -1.26760587e-01
    1.03948817e-01  -8.90749544e-02   1.02532096e-01  -8.77171978e-02
    1.57489896e-01   1.00501351e-01   2.33163387e-02   1.21331915e-01
    8.57493281e-03  -2.24667732e-02   2.15111692e-02   1.71876520e-01
    9.27297100e-02   8.79030153e-02  -4.26198840e-02   1.60810888e-01
   -1.58653826e-01   1.50646567e-01  -1.48700222e-01   1.35035694e-01
    2.20123902e-01  -6.88536018e-02]
 [ -1.78483814e-01  -1.37354866e-01   9.68972147e-02   7.35813975e-02
    2.00890139e-01   9.79164615e-02  -1.38163388e-01   9.65154320e-02
    8.16164166e-02   1.22580670e-01  -8.02282915e-02  -2.80557517e-02
   -1.25449255e-01  -5.95638007e-02   1.74655780e-01  -7.84393325e-02
    1.89029083e-01  -3.11736111e-02  -6.00972697e-02   1.50720522e-01
    7.81525522e-02  -2.09464625e-01  -1.31974071e-01   5.29986583e-02
    1.31508395e-01  -1.02851942e-01   1.60112530e-01   4.66766506e-02
   -6.76647276e-02  -1.60621554e-01   6.27958328e-02  -1.57394901e-01
    1.63690835e-01  -1.10651456e-01  -1.93596303e-01   2.10488915e-01
    1.57884866e-01   6.59878999e-02   3.14149000e-02  -2.94413976e-02
   -3.27896476e-02  -7.07402527e-02   1.83428004e-02   5.60062975e-02
    1.49093926e-01  -3.34329903e-03   1.19969040e-01   4.11734823e-03
   -7.01215491e-03  -4.37020846e-02]]