0.17330 0.07719 0.16918 0.07306 0.06441 0.05763 0.13192 0.12489 0.12911 0.10801 0.01306 0.15362 0.08984 0.03353 0.04931 0.06589 0.07351 0.07592 0.12219 0.08755 0.04867 0.05957 0.09099 0.05035 0.09557 0.10236 0.11667 0.09163 0.08647 0.05523 0.12786 0.05749 0.06777 0.08843 0.14670 0.05549 0.10344 0.06239 0.03471 -0.00000 0.06151 0.08547 0.06926 0.07586 0.12670 0.12479 0.03877 0.11459 0.10983 0.07692
0.05294 0.15640 0.19286 0.08446 0.04995 0.07745 0.05091 0.04966 0.18930 0.05012 0.01228 0.13387 0.04095 0.03717 0.07567 0.05060 0.13822 0.03912 0.05129 0.10981 0.06052 0.13954 0.04837 0.03833 0.17109 0.04833 0.12650 0.10468 0.06360 0.05945 0.04550 0.07792 0.04530 0.23480 0.11905 0.01674 0.17155 0.04735 0.02206 0.00000 0.07139 0.04251 0.03958 0.10648 0.09309 0.06767 0.03706 0.10465 0.08186 0.10455
0.12177 0.05439 0.07919 0.06724 0.11511 0.17923 0.06838 0.15196 0.07740 0.11682 0.01190 0.06473 0.04993 0.07782 0.04964 0.05657 0.05991 0.09919 0.13791 0.05032 0.04437 0.05568 0.08867 0.08140 0.12507 0.05548 0.16945 0.05907 0.05583 0.06604 0.07694 0.09386 0.05074 0.05224 0.08761 0.02240 0.13227 0.05803 0.06128 0.00000 0.16869 0.04661 0.04723 0.09784 0.05231 0.05503 0.04377 0.06732 0.04838 0.07906
0.12921 0.02737 0.11434 0.03214 0.11900 0.07168 0.10475 0.11657 0.06349 0.05432 0.00551 0.11940 0.07022 0.01840 0.05721 0.09830 0.04040 0.09642 0.07330 0.06937 0.03408 0.10127 0.06365 0.04209 0.09152 0.06471 0.04372 0.03015 0.12310 0.10009 0.12893 0.09342 0.06703 0.03014 0.09049 0.01434 0.14382 0.06364 0.02837 0.00000 0.04328 0.02887 0.08793 0.09836 0.02792 0.02083 0.06716 0.12709 0.04306 0.17200
0.11671 0.04627 0.04466 0.05534 0.02252 0.04487 0.19960 0.04175 0.13560 0.10793 0.01038 0.05215 0.03569 0.05578 0.08467 0.04987 0.04295 0.03697 0.20126 0.05829 0.06273 0.06408 0.04984 0.03281 0.13809 0.08497 0.18585 0.14268 0.10024 0.11272 0.09420 0.04356 0.04891 0.04805 0.03469 0.01721 0.06378 0.04849 0.03549 -0.00000 0.05250 0.05511 0.06186 0.05918 0.12714 0.02575 0.06229 0.19352 0.03589 0.13870
0.08523 0.10786 0.06444 0.06840 0.03673 0.05841 0.07309 0.08713 0.05488 0.08612 0.00808 0.05763 0.04535 0.05710 0.03551 0.10460 0.07843 0.10778 0.12530 0.10417 0.07392 0.05238 0.07132 0.05569 0.09464 0.08012 0.08906 0.06740 0.04426 0.09163 0.10179 0.06382 0.03859 0.03961 0.05611 0.01768 0.11219 0.11060 0.03299 -0.00000 0.15574 0.16610 0.06120 0.05973 0.05957 0.03001 0.06771 0.08573 0.06701 0.03745
0.10012 0.05386 0.10122 0.08227 0.04053 0.04791 0.08168 0.09552 0.07510 0.10931 0.01044 0.05895 0.13349 0.03094 0.08266 0.08304 0.12154 0.06724 0.08016 0.05947 0.15470 0.09838 0.08678 0.09540 0.05656 0.10871 0.11522 0.08854 0.12175 0.09635 0.05604 0.10168 0.05057 0.11039 0.08088 0.02964 0.08209 0.08279 0.06050 -0.00000 0.08931 0.07682 0.03422 0.06292 0.05314 0.02883 0.03957 0.11829 0.03838 0.07995
0.10447 0.04597 0.17436 0.03036 0.02929 0.04914 0.04327 0.04367 0.05582 0.07437 0.00952 0.12170 0.03605 0.04895 0.05041 0.07689 0.03727 0.03044 0.13763 0.06668 0.03323 0.06103 0.04259 0.04969 0.13271 0.07496 0.15946 0.06826 0.09765 0.11504 0.06402 0.06629 0.12372 0.03424 0.04246 0.07864 0.14903 0.03791 0.01464 0.00000 0.12304 0.09490 0.02613 0.10573 0.16421 0.06543 0.02466 0.08496 0.05554 0.04304
0.05056 0.08348 0.10587 0.08913 0.02409 0.03994 0.08374 0.11633 0.19594 0.03897 0.00860 0.03663 0.07225 0.01966 0.02844 0.12723 0.18555 0.03220 0.03015 0.02941 0.05441 0.03254 0.10263 0.04702 0.03404 0.05578 0.11556 0.07638 0.03772 0.09428 0.10413 0.12824 0.03114 0.05937 0.05787 0.01218 0.11935 0.05960 0.03068 0.00000 0.03589 0.02750 0.01813 0.04122 0.10372 0.01998 0.04786 0.06962 0.02370 0.08748
0.05434 0.15926 0.07424 0.03561 0.10842 0.11394 0.09795 0.04543 0.13357 0.04078 0.01009 0.10454 0.05038 0.03563 0.03350 0.05935 0.03814 0.04886 0.14969 0.06638 0.06130 0.11080 0.10555 0.06948 0.04902 0.19037 0.13660 0.05461 0.07054 0.04233 0.11897 0.04079 0.11574 0.07653 0.06388 0.02081 0.04189 0.06588 0.03264 0.00000 0.03912 0.16469 0.02867 0.10381 0.03899 0.05977 0.02528 0.09455 0.10701 0.04841
0.08983 0.06557 0.05578 0.05100 0.08189 0.03500 0.02785 0.16139 0.03359 0.12258 0.04467 0.04845 0.08662 0.02839 0.10549 0.07354 0.17111 0.06971 0.02421 0.02064 0.11642 0.11217 0.09557 0.03567 0.02959 0.06617 0.03528 0.02585 0.01857 0.05023 0.05478 0.05567 0.07116 0.05911 0.02204 0.02380 0.15367 0.15179 0.01779 -0.00000 0.06203 0.04593 0.01287 0.07007 0.01896 0.02354 0.03736 0.07823 0.01993 0.02893
0.09288 0.04535 0.06650 0.07711 0.05501 0.05802 0.09925 0.06514 0.09989 0.09556 0.01620 0.10570 0.04474 0.07100 0.05141 0.05440 0.07158 0.05444 0.08170 0.08784 0.06455 0.06672 0.12555 0.04495 0.07081 0.04623 0.08305 0.06267 0.07054 0.07144 0.07484 0.07244 0.06643 0.05413 0.06126 0.02107 0.06023 0.07698 0.04207 -0.00000 0.09008 0.05335 0.03655 0.09137 0.06881 0.03242 0.04016 0.09655 0.07063 0.07408
0.12190 0.05132 0.06207 0.03729 0.07977 0.04421 0.06131 0.06735 0.08682 0.08061 0.02252 0.09068 0.11534 0.03680 0.04196 0.06821 0.05905 0.08936 0.06869 0.05261 0.08187 0.06196 0.07614 0.04784 0.05734 0.08434 0.09713 0.13151 0.05375 0.05621 0.04031 0.07106 0.08944 0.08369 0.05251 0.04119 0.05748 0.14162 0.02793 0.00000 0.07698 0.10465 0.09444 0.09136 0.08736 0.07848 0.06571 0.08958 0.05896 0.06108
0.05710 0.12391 0.04152 0.03255 0.02983 0.03411 0.04412 0.06677 0.12246 0.10222 0.11561 0.08265 0.05025 0.07098 0.11625 0.11021 0.07064 0.07977 0.06209 0.07910 0.12963 0.03077 0.03823 0.02933 0.04043 0.16563 0.04664 0.07908 0.09605 0.03596 0.03651 0.03644 0.07620 0.04593 0.02919 0.04798 0.08186 0.13422 0.01645 -0.00000 0.03825 0.10271 0.05937 0.16631 0.05679 0.02519 0.11061 0.04681 0.03943 0.04657
0.08236 0.04875 0.05591 0.11125 0.05039 0.09370 0.08590 0.12049 0.11252 0.09476 0.01027 0.07887 0.10581 0.03665 0.09759 0.06969 0.12068 0.06934 0.07582 0.04658 0.07014 0.05712 0.07469 0.06747 0.05205 0.17003 0.13457 0.04733 0.10751 0.06483 0.08841 0.10302 0.06986 0.06804 0.06594 0.06643 0.08295 0.05831 0.06074 0.00000 0.06592 0.05599 0.03889 0.08519 0.04653 0.03590 0.05165 0.11853 0.04839 0.04322
0.08303 0.06587 0.05728 0.04326 0.11128 0.05534 0.09600 0.07338 0.09524 0.06602 0.01141 0.12530 0.04082 0.03567 0.09080 0.07322 0.05272 0.07529 0.14188 0.06874 0.03687 0.09869 0.10387 0.10127 0.08881 0.04342 0.08614 0.14836 0.08211 0.06179 0.05496 0.06352 0.09127 0.08530 0.05008 0.01979 0.06316 0.05367 0.02540 0.00000 0.05749 0.10162 0.12241 0.06207 0.09648 0.07397 0.07788 0.12549 0.10365 0.13842
0.05058 0.12887 0.17531 0.06863 0.03119 0.06486 0.12200 0.09913 0.05906 0.04001 0.00852 0.04917 0.05485 0.06328 0.03585 0.08146 0.13657 0.05781 0.13083 0.08093 0.03475 0.03968 0.10488 0.03708 0.11297 0.08405 0.12101 0.05935 0.09321 0.07675 0.05803 0.04262 0.05989 0.11901 0.10273 0.01686 0.09298 0.08620 0.02577 -0.00000 0.04274 0.03874 0.02949 0.05063 0.06002 0.07675 0.02924 0.05146 0.07053 0.08383
0.07304 0.06592 0.07766 0.06580 0.02954 0.06530 0.07515 0.05056 0.08441 0.10456 0.06121 0.05963 0.09065 0.05093 0.05069 0.12700 0.05506 0.07379 0.09438 0.04670 0.06781 0.04794 0.07584 0.08773 0.08559 0.07022 0.08625 0.06198 0.07890 0.05082 0.06459 0.04985 0.05393 0.04826 0.05685 0.04260 0.05866 0.09533 0.04834 -0.00000 0.07562 0.07647 0.06160 0.13348 0.03506 0.02752 0.02954 0.04766 0.06585 0.08149
0.08528 0.03981 0.08432 0.13575 0.02837 0.16266 0.09598 0.05113 0.05363 0.13647 0.00867 0.04471 0.05213 0.02276 0.15889 0.12856 0.07768 0.03568 0.10164 0.03972 0.03284 0.03663 0.04259 0.09628 0.04241 0.08080 0.22254 0.05578 0.04273 0.09265 0.13723 0.04365 0.12956 0.12630 0.08697 0.01534 0.14405 0.08652 0.02766 0.00000 0.04016 0.03470 0.06685 0.12205 0.07831 0.06041 0.04138 0.05079 0.04705 0.03728
0.02232 0.02241 0.04176 0.06329 0.10699 0.02523 0.02540 0.11347 0.03097 0.02991 0.00517 0.04247 0.13205 0.01357 0.06596 0.07122 0.03330 0.09782 0.11358 0.11692 0.05978 0.14658 0.14093 0.08514 0.02532 0.03910 0.02415 0.01916 0.08671 0.14415 0.02059 0.09411 0.04832 0.02141 0.04692 0.03560 0.08926 0.09612 0.01204 0.00000 0.05337 0.07978 0.07190 0.02637 0.03196 0.01834 0.04600 0.05936 0.01727 0.07312
0.06150 0.04263 0.12219 0.03618 0.05967 0.09916 0.08681 0.07603 0.06470 0.09374 0.00847 0.10696 0.07104 0.02844 0.06231 0.06455 0.07794 0.09147 0.10590 0.04227 0.04761 0.06183 0.07351 0.06568 0.05989 0.04372 0.12271 0.05990 0.09352 0.07295 0.09007 0.12717 0.04193 0.05963 0.08881 0.03218 0.09328 0.06748 0.01917 0.00000 0.05429 0.04466 0.06847 0.05568 0.04448 0.06263 0.05952 0.10167 0.05246 0.05076
0.05668 0.13670 0.06372 0.06866 0.07243 0.08993 0.13848 0.04935 0.07209 0.04975 0.00811 0.05456 0.04394 0.04665 0.04928 0.05067 0.19575 0.11094 0.12107 0.13731 0.03921 0.07029 0.05124 0.03769 0.09390 0.19322 0.10302 0.08556 0.07946 0.05602 0.10584 0.09916 0.10197 0.13090 0.03852 0.03249 0.13550 0.17759 0.01693 -0.00000 0.09060 0.11000 0.11968 0.14147 0.04879 0.03992 0.06399 0.15346 0.07645 0.04308
0.12338 0.11379 0.07719 0.05749 0.04758 0.03681 0.07192 0.15529 0.04293 0.09152 0.02631 0.03512 0.07887 0.08325 0.04599 0.06865 0.08116 0.12620 0.03503 0.21023 0.12058 0.08011 0.13197 0.03431 0.09787 0.09161 0.04217 0.07957 0.12071 0.13553 0.03581 0.04286 0.06010 0.04068 0.06174 0.01417 0.15082 0.15670 0.01471 -0.00000 0.08755 0.03324 0.03321 0.04333 0.12936 0.04178 0.03431 0.10488 0.03582 0.08737
0.05246 0.15273 0.10984 0.03396 0.03502 0.05108 0.10014 0.04927 0.07775 0.08961 0.03016 0.11096 0.04526 0.02902 0.10638 0.14699 0.08887 0.05572 0.15324 0.13546 0.03291 0.06431 0.04624 0.04042 0.21901 0.12545 0.07786 0.08391 0.08789 0.14537 0.07769 0.06744 0.07464 0.06422 0.04923 0.07036 0.05879 0.08533 0.01831 -0.00000 0.09856 0.05098 0.11789 0.05171 0.06046 0.04733 0.03391 0.13568 0.06075 0.07302
0.07575 0.07036 0.04628 0.05108 0.03677 0.07032 0.11442 0.06002 0.14610 0.07619 0.00903 0.10681 0.03969 0.05112 0.02863 0.07723 0.03600 0.08591 0.07321 0.05158 0.07666 0.06014 0.05012 0.08736 0.06633 0.07658 0.11316 0.08643 0.04226 0.06879 0.06685 0.03976 0.06556 0.03335 0.08961 0.01873 0.04207 0.07184 0.02122 0.00000 0.10676 0.09981 0.02974 0.04405 0.03411 0.02707 0.04403 0.04968 0.10219 0.08666
0.08639 0.04285 0.12077 0.04845 0.02993 0.04200 0.05119 0.06914 0.05920 0.12599 0.01251 0.06933 0.05193 0.03174 0.03987 0.08726 0.06770 0.10063 0.10213 0.06313 0.11904 0.06954 0.03965 0.05810 0.09715 0.05304 0.15569 0.05291 0.04305 0.07924 0.04247 0.09517 0.04717 0.04170 0.04562 0.01776 0.10126 0.06113 0.03411 -0.00000 0.18191 0.21120 0.04733 0.07064 0.11784 0.04894 0.11996 0.14536 0.04500 0.03260
0.04256 0.05242 0.04890 0.05811 0.01570 0.02700 0.10016 0.02896 0.11942 0.08578 0.01446 0.07443 0.10254 0.01656 0.05650 0.07149 0.08562 0.04893 0.07251 0.07588 0.03587 0.04856 0.02408 0.02558 0.06980 0.09948 0.10140 0.12735 0.09463 0.04637 0.06181 0.08635 0.04159 0.15021 0.07870 0.06817 0.06169 0.09582 0.01184 0.00000 0.10715 0.05037 0.04605 0.18902 0.06608 0.04990 0.02034 0.03363 0.01950 0.02638
0.07046 0.15157 0.06130 0.06707 0.03507 0.04351 0.10196 0.11735 0.14795 0.10990 0.04368 0.12533 0.04952 0.05405 0.08635 0.10713 0.07657 0.09741 0.05653 0.08236 0.06628 0.10581 0.04662 0.04409 0.06300 0.06769 0.08352 0.12895 0.04995 0.05118 0.06588 0.09198 0.07874 0.08039 0.10599 0.02004 0.05740 0.05595 0.02223 -0.00000 0.05426 0.04870 0.03748 0.09126 0.08256 0.06836 0.02939 0.11491 0.03879 0.05392
0.09061 0.10130 0.06316 0.03544 0.05726 0.12171 0.06842 0.11087 0.10076 0.07098 0.01140 0.05550 0.11389 0.03094 0.05548 0.13064 0.06311 0.05299 0.07748 0.04935 0.03954 0.06102 0.12473 0.04124 0.10788 0.09053 0.10452 0.08664 0.04914 0.10057 0.09095 0.09499 0.08667 0.05178 0.03732 0.01968 0.09410 0.12591 0.03093 -0.00000 0.05340 0.04547 0.03721 0.11037 0.09386 0.06112 0.06790 0.08369 0.04749 0.05436
0.11588 0.04540 0.15027 0.03750 0.15560 0.14458 0.04377 0.13582 0.06589 0.06267 0.01225 0.10288 0.05789 0.04339 0.03213 0.05567 0.05113 0.07606 0.05139 0.04466 0.07528 0.13507 0.08693 0.13815 0.04525 0.04549 0.11256 0.09117 0.07575 0.11679 0.05122 0.20783 0.13425 0.08606 0.12313 0.02626 0.15456 0.05324 0.01890 0.00000 0.06904 0.04729 0.02839 0.05983 0.04427 0.06001 0.05359 0.04618 0.06595 0.06370
0.05212 0.07011 0.06989 0.05069 0.03838 0.08274 0.09165 0.04778 0.12444 0.06648 0.01838 0.05111 0.05703 0.03479 0.04435 0.10061 0.09558 0.07936 0.09423 0.05833 0.03831 0.03936 0.08598 0.04023 0.07400 0.07773 0.06621 0.05738 0.08564 0.05797 0.08183 0.06412 0.07771 0.08814 0.05272 0.02186 0.10228 0.09544 0.04641 0.00000 0.08978 0.07452 0.05774 0.08862 0.06167 0.04112 0.11787 0.07914 0.05951 0.07110
0.11440 0.05475 0.11712 0.13315 0.03993 0.04902 0.08799 0.12565 0.17468 0.04838 0.01357 0.17858 0.08239 0.02996 0.08160 0.11709 0.06430 0.06512 0.05592 0.06485 0.05210 0.09527 0.06777 0.04264 0.08310 0.09829 0.12284 0.05100 0.13774 0.05532 0.13482 0.07392 0.04212 0.09434 0.11280 0.05430 0.05662 0.05064 0.02115 -0.00000 0.04791 0.03887 0.04997 0.09174 0.06517 0.05533 0.03087 0.06560 0.05787 0.07402
0.05014 0.05643 0.03265 0.01758 0.09065 0.13055 0.02724 0.05336 0.06662 0.05595 0.00627 0.09407 0.06870 0.07042 0.02097 0.07020 0.03096 0.04593 0.10646 0.05734 0.04449 0.09570 0.12421 0.07352 0.03498 0.08082 0.03653 0.04348 0.02943 0.08635 0.11227 0.09861 0.11610 0.02482 0.02204 0.03172 0.05208 0.11391 0.04732 0.00000 0.05411 0.12179 0.06682 0.03517 0.02233 0.01668 0.05581 0.03130 0.08843 0.08304
0.04770 0.12035 0.04613 0.09221 0.08530 0.04196 0.08121 0.07830 0.11065 0.06021 0.00774 0.05600 0.06416 0.03755 0.09075 0.11996 0.04910 0.06097 0.03800 0.15240 0.10212 0.09499 0.08856 0.06987 0.05062 0.05850 0.04369 0.08302 0.03617 0.09374 0.12618 0.07219 0.06673 0.13971 0.07098 0.01494 0.15076 0.05890 0.02013 -0.00000 0.12016 0.06261 0.03141 0.04679 0.12303 0.06572 0.08472 0.14844 0.04427 0.05679
0.12579 0.03775 0.11250 0.06592 0.14333 0.09174 0.08987 0.10623 0.08866 0.08614 0.00832 0.04138 0.08469 0.03541 0.05723 0.04039 0.05646 0.03280 0.04542 0.09406 0.11272 0.08069 0.03274 0.11944 0.12960 0.06216 0.04229 0.07145 0.08671 0.18950 0.03943 0.09064 0.03397 0.14470 0.09323 0.02967 0.06682 0.06157 0.01291 0.00000 0.04832 0.03409 0.07205 0.09456 0.09509 0.08111 0.01928 0.03724 0.02974 0.03111
0.10627 0.05855 0.06836 0.02458 0.06440 0.13263 0.16635 0.05715 0.13852 0.08187 0.00482 0.10095 0.04816 0.03090 0.02603 0.03069 0.04260 0.16134 0.04956 0.03531 0.06559 0.03923 0.12005 0.08780 0.04498 0.07462 0.04521 0.10228 0.06841 0.10484 0.19855 0.08250 0.13256 0.04151 0.13813 0.02550 0.05521 0.03229 0.00827 0.00000 0.12512 0.03572 0.04175 0.17601 0.03764 0.02119 0.06953 0.08815 0.10433 0.06870
0.08191 0.05773 0.04750 0.06241 0.06158 0.08038 0.07465 0.09472 0.10462 0.04324 0.03102 0.10418 0.04112 0.09767 0.09801 0.04620 0.13028 0.11191 0.05467 0.07755 0.07021 0.08093 0.10829 0.04172 0.04232 0.04415 0.04820 0.07104 0.09357 0.04553 0.04220 0.06459 0.12145 0.03921 0.04045 0.01768 0.10881 0.08835 0.01426 0.00000 0.04639 0.04025 0.08077 0.07698 0.10238 0.06578 0.10907 0.08405 0.05298 0.09931
0.15885 0.04956 0.05883 0.10396 0.02360 0.10743 0.10785 0.04983 0.11400 0.12772 0.01375 0.15931 0.03964 0.03108 0.03965 0.05188 0.04424 0.04154 0.09269 0.11860 0.03571 0.05357 0.06234 0.03737 0.12233 0.07934 0.17167 0.05124 0.13993 0.04230 0.07860 0.08525 0.08333 0.04607 0.06275 0.02142 0.04884 0.04818 0.11488 -0.00000 0.09137 0.08054 0.07707 0.07355 0.04207 0.04484 0.04242 0.10481 0.09722 0.10064
0.09326 0.07715 0.06108 0.05939 0.08412 0.07878 0.07570 0.14547 0.12020 0.14027 0.00766 0.11342 0.04164 0.03407 0.04977 0.06137 0.04821 0.05885 0.07228 0.07580 0.03868 0.11902 0.09973 0.03793 0.14375 0.04540 0.06683 0.08573 0.07259 0.07483 0.05604 0.09499 0.03485 0.05702 0.08556 0.01812 0.07812 0.04762 0.01771 -0.00000 0.06067 0.04396 0.04134 0.09907 0.08231 0.04639 0.02406 0.06348 0.05585 0.04708
0.09825 0.05621 0.05970 0.04839 0.12999 0.07759 0.11772 0.09594 0.08154 0.07513 0.01075 0.11593 0.14667 0.05399 0.05762 0.05639 0.12197 0.09749 0.09216 0.05383 0.08782 0.12280 0.16059 0.07130 0.05041 0.10121 0.11142 0.07992 0.05383 0.05440 0.12533 0.06339 0.16523 0.07147 0.05153 0.02225 0.11058 0.14110 0.01968 0.00000 0.06005 0.11586 0.05643 0.05900 0.08550 0.09752 0.13054 0.09079 0.06778 0.06452
0.04823 0.10684 0.12006 0.03178 0.03110 0.12211 0.08587 0.08543 0.27021 0.12965 0.00861 0.14171 0.15614 0.02626 0.03383 0.10659 0.06420 0.04365 0.05108 0.04490 0.03719 0.08565 0.09413 0.03840 0.09746 0.08305 0.05112 0.11080 0.04545 0.05191 0.12739 0.04400 0.04192 0.13710 0.12091 0.01755 0.19885 0.08447 0.01626 -0.00000 0.08259 0.07312 0.03399 0.05214 0.09170 0.05257 0.07014 0.10155 0.10886 0.04783
0.10147 0.07272 0.05522 0.08816 0.02794 0.07301 0.14001 0.09516 0.09455 0.08907 0.02838 0.06633 0.04132 0.07206 0.10769 0.05609 0.12461 0.10309 0.07665 0.09361 0.06241 0.09617 0.15965 0.10414 0.11090 0.04807 0.13458 0.04675 0.10279 0.05136 0.04083 0.05006 0.08570 0.04029 0.04860 0.01909 0.06915 0.05082 0.03269 -0.00000 0.08104 0.09057 0.07312 0.10964 0.15151 0.04818 0.05022 0.13319 0.05025 0.09913
0.05356 0.03689 0.04153 0.09105 0.03287 0.15233 0.08800 0.08822 0.17381 0.17130 0.00942 0.07681 0.07959 0.07093 0.15550 0.12753 0.04438 0.05655 0.06864 0.04187 0.04293 0.04127 0.04937 0.03695 0.07597 0.09634 0.05117 0.10012 0.06159 0.09262 0.08653 0.04973 0.07748 0.10596 0.08548 0.06329 0.14286 0.07674 0.01349 0.00000 0.04494 0.03214 0.08092 0.05155 0.04432 0.07436 0.03142 0.13892 0.12323 0.06113
0.09772 0.07176 0.05826 0.04053 0.02847 0.04521 0.15382 0.11966 0.15066 0.04828 0.01211 0.12234 0.12928 0.03372 0.03628 0.07802 0.07295 0.11650 0.07553 0.10200 0.14700 0.12792 0.11274 0.11310 0.07407 0.06774 0.10302 0.11312 0.09443 0.08096 0.08723 0.04784 0.06744 0.04671 0.04621 0.01978 0.06189 0.13904 0.01938 0.00000 0.06510 0.08077 0.03271 0.05856 0.04889 0.03167 0.05193 0.10875 0.07436 0.10154
0.18444 0.06459 0.05623 0.05010 0.04592 0.03864 0.13766 0.11897 0.14574 0.11126 0.00870 0.11996 0.04669 0.02921 0.06315 0.06066 0.04819 0.06981 0.05214 0.13189 0.09206 0.08929 0.14555 0.04420 0.05404 0.03947 0.05326 0.10311 0.11708 0.10391 0.12258 0.07302 0.04693 0.05123 0.09991 0.01671 0.04907 0.04318 0.06216 0.00000 0.13387 0.04322 0.02982 0.05640 0.12586 0.04210 0.02591 0.13517 0.04576 0.11394
0.03215 0.02584 0.03664 0.03133 0.10275 0.10024 0.06022 0.04018 0.14286 0.03922 0.02846 0.03510 0.06169 0.01727 0.07557 0.12446 0.08757 0.02836 0.11075 0.02706 0.02314 0.07046 0.08820 0.06956 0.03273 0.10876 0.14249 0.06299 0.09260 0.07835 0.03427 0.18051 0.04209 0.03147 0.04098 0.06220 0.13148 0.03302 0.03061 -0.00000 0.05467 0.05354 0.02158 0.19259 0.02894 0.01731 0.06093 0.12542 0.03684 0.11955
0.09757 0.04960 0.10948 0.07962 0.03791 0.06952 0.09786 0.05907 0.13866 0.08949 0.01082 0.10316 0.06550 0.04049 0.04875 0.08635 0.05453 0.05422 0.05229 0.08312 0.04898 0.04444 0.10637 0.04130 0.06114 0.09440 0.10546 0.09385 0.06108 0.10522 0.08098 0.04843 0.10242 0.05983 0.10571 0.02853 0.12560 0.06408 0.01727 -0.00000 0.09034 0.04092 0.03985 0.06527 0.10610 0.03434 0.04129 0.09014 0.09817 0.08380
0.13748 0.06394 0.13899 0.03666 0.07494 0.05113 0.13535 0.06880 0.05827 0.07537 0.00956 0.06551 0.04768 0.02853 0.07992 0.05498 0.04777 0.08301 0.05584 0.06331 0.06035 0.04499 0.05392 0.05711 0.05531 0.09202 0.11302 0.07985 0.05147 0.07701 0.06849 0.08556 0.08160 0.14299 0.07212 0.02321 0.05951 0.06714 0.01894 0.00000 0.10467 0.03936 0.09961 0.09604 0.08953 0.08012 0.03060 0.10618 0.04093 0.08925
0.04444 0.03626 0.04939 0.04261 0.02501 0.08512 0.11875 0.04335 0.10801 0.10879 0.02540 0.05811 0.04089 0.04304 0.11630 0.06321 0.13837 0.03325 0.04762 0.05216 0.03146 0.03770 0.06647 0.03072 0.07301 0.06873 0.15938 0.07823 0.07287 0.03910 0.04435 0.13968 0.12531 0.09710 0.03858 0.01734 0.10899 0.08844 0.02580 0.00000 0.04050 0.04054 0.02972 0.07668 0.09006 0.12619 0.13879 0.07476 0.03228 0.04700
0.07441 0.09741 0.04340 0.04167 0.02350 0.08990 0.15007 0.14365 0.04742 0.03455 0.00712 0.07815 0.13439 0.01803 0.11569 0.11392 0.12244 0.10056 0.14151 0.07942 0.09222 0.07559 0.07059 0.04687 0.04718 0.05755 0.10106 0.03322 0.09317 0.06930 0.04585 0.03276 0.06219 0.17029 0.04097 0.01359 0.02874 0.09498 0.01426 -0.00000 0.03281 0.03368 0.04434 0.08012 0.10480 0.13700 0.02227 0.09000 0.02437 0.09333
0.04797 0.09780 0.08901 0.08411 0.02775 0.07391 0.05240 0.08482 0.07394 0.04420 0.01146 0.06597 0.04121 0.09943 0.04115 0.06309 0.06773 0.04955 0.09457 0.09344 0.03853 0.03721 0.10116 0.04051 0.08630 0.07150 0.09413 0.09829 0.06181 0.07758 0.07597 0.06562 0.04583 0.06020 0.07297 0.01598 0.09192 0.08722 0.02877 0.00000 0.09435 0.06296 0.05109 0.06255 0.05487 0.02578 0.02945 0.04954 0.05492 0.04130
0.05360 0.12950 0.10989 0.05700 0.02244 0.04263 0.05874 0.12973 0.09367 0.05005 0.00741 0.10864 0.13665 0.02864 0.03374 0.14085 0.06081 0.09004 0.08352 0.04746 0.04619 0.06760 0.14336 0.10296 0.11308 0.04523 0.07425 0.05777 0.06129 0.04371 0.03986 0.03984 0.03789 0.05192 0.08940 0.01542 0.10583 0.06426 0.03148 0.00000 0.08841 0.14073 0.03000 0.10243 0.04226 0.02623 0.05857 0.08773 0.08902 0.03687
0.08106 0.04058 0.06097 0.08280 0.04119 0.04555 0.11279 0.07329 0.06816 0.10794 0.00951 0.10139 0.04741 0.04387 0.04600 0.07114 0.07561 0.09676 0.05462 0.12068 0.03529 0.07364 0.13250 0.03430 0.05794 0.04652 0.08450 0.07748 0.03906 0.06849 0.05176 0.08039 0.07638 0.11680 0.09186 0.01608 0.06917 0.12416 0.02449 -0.00000 0.13619 0.04744 0.06624 0.13171 0.07028 0.02656 0.02830 0.13064 0.06280 0.06722
0.05565 0.03165 0.07491 0.04744 0.02533 0.06747 0.13608 0.03809 0.07019 0.08666 0.01265 0.13302 0.04070 0.09497 0.09607 0.12030 0.06152 0.02802 0.05898 0.05785 0.03344 0.02903 0.05866 0.11008 0.06005 0.03713 0.07332 0.04533 0.10554 0.06633 0.08373 0.06403 0.04738 0.02667 0.03850 0.04577 0.10381 0.12182 0.01195 -0.00000 0.05626 0.03229 0.04566 0.07563 0.07368 0.05535 0.04045 0.04693 0.06932 0.06415
0.04772 0.05169 0.11352 0.03200 0.07681 0.09441 0.10351 0.06526 0.06330 0.07042 0.01191 0.08410 0.04247 0.09074 0.12957 0.07354 0.04247 0.04226 0.15544 0.04457 0.03928 0.05820 0.04326 0.09731 0.05255 0.13661 0.09236 0.06834 0.04718 0.06953 0.08209 0.12343 0.12894 0.03860 0.03887 0.07592 0.08039 0.05264 0.01753 0.00000 0.11616 0.07356 0.05762 0.10568 0.04286 0.09308 0.07146 0.08208 0.05575 0.06139
0.12602 0.04145 0.04128 0.03147 0.02714 0.11220 0.12305 0.11759 0.05793 0.04931 0.00893 0.05882 0.06886 0.03050 0.03620 0.18834 0.16608 0.05546 0.06121 0.03636 0.03105 0.03269 0.04531 0.10714 0.11208 0.04169 0.10570 0.04814 0.13613 0.14250 0.04397 0.17269 0.03459 0.03455 0.03039 0.04178 0.17110 0.16046 0.01453 0.00000 0.07262 0.04734 0.05285 0.06896 0.09075 0.03710 0.10711 0.10549 0.05149 0.04845
0.05790 0.09211 0.11189 0.13123 0.02710 0.03754 0.13979 0.06374 0.12586 0.04686 0.01142 0.13906 0.17865 0.02383 0.03715 0.12940 0.11792 0.06444 0.11713 0.13606 0.04563 0.13965 0.06992 0.03960 0.07270 0.09802 0.16838 0.07957 0.05127 0.04263 0.07861 0.04362 0.03688 0.10554 0.09508 0.01528 0.04687 0.08966 0.02666 0.00000 0.04154 0.07845 0.10621 0.11309 0.05116 0.06515 0.02544 0.13630 0.06285 0.05169
0.03747 0.03228 0.04625 0.02540 0.06679 0.08516 0.03994 0.03429 0.18778 0.04319 0.00459 0.10673 0.03729 0.02499 0.07271 0.03664 0.15732 0.03501 0.07507 0.03323 0.02635 0.06418 0.19875 0.07226 0.04956 0.03268 0.05735 0.03516 0.02895 0.07147 0.06861 0.03676 0.05064 0.08448 0.03306 0.01503 0.16316 0.03424 0.01156 -0.00000 0.12522 0.09038 0.02635 0.04686 0.13012 0.03402 0.13871 0.05050 0.04080 0.12675
0.07466 0.09547 0.17547 0.04980 0.04190 0.12018 0.04413 0.03859 0.07240 0.07964 0.02385 0.09018 0.03058 0.06006 0.12472 0.04185 0.06862 0.04968 0.03921 0.04429 0.07154 0.03118 0.04578 0.14551 0.10053 0.05024 0.04685 0.03817 0.14176 0.03563 0.03643 0.05539 0.09326 0.12934 0.03020 0.01539 0.10930 0.03779 0.01354 -0.00000 0.09522 0.03429 0.11057 0.18490 0.10395 0.04033 0.04468 0.04650 0.04983 0.12019
0.16737 0.11227 0.10318 0.03731 0.07087 0.06308 0.04139 0.05665 0.10184 0.03427 0.00560 0.04931 0.03019 0.04980 0.02753 0.09669 0.08938 0.06105 0.11084 0.03359 0.02450 0.03305 0.09015 0.03717 0.03222 0.03096 0.04153 0.03498 0.09269 0.07867 0.03175 0.09516 0.07485 0.03784 0.06864 0.03513 0.05740 0.05465 0.01949 0.00000 0.03532 0.07771 0.03890 0.10381 0.08650 0.04221 0.02252 0.09612 0.06236 0.08784
0.06921 0.06104 0.18750 0.06974 0.03405 0.04640 0.10296 0.06009 0.07259 0.05933 0.01246 0.08997 0.05198 0.08052 0.04638 0.07250 0.14840 0.04542 0.14471 0.08183 0.12493 0.04631 0.09654 0.06317 0.06428 0.05600 0.07969 0.05370 0.10957 0.10667 0.07129 0.05228 0.06628 0.10020 0.07190 0.04025 0.06327 0.10444 0.02752 0.00000 0.05422 0.06128 0.06110 0.07145 0.08622 0.06319 0.03648 0.10014 0.09231 0.06524
0.09038 0.08493 0.03101 0.10912 0.02041 0.05543 0.04628 0.05180 0.23026 0.11524 0.00734 0.03161 0.04772 0.07468 0.10572 0.13133 0.08825 0.02864 0.17900 0.02668 0.07418 0.04290 0.12365 0.04502 0.12108 0.06123 0.04070 0.14194 0.12121 0.20259 0.02913 0.06903 0.03559 0.02711 0.02398 0.01426 0.05717 0.03321 0.01097 0.00000 0.06329 0.09844 0.03269 0.10892 0.14840 0.01833 0.02607 0.14710 0.01998 0.02432
0.08826 0.05766 0.04789 0.07294 0.07837 0.06454 0.10071 0.10428 0.04981 0.04032 0.02972 0.04539 0.03464 0.11496 0.04069 0.08491 0.14929 0.03443 0.08305 0.11072 0.07878 0.04988 0.08436 0.11849 0.17725 0.03738 0.15304 0.07805 0.07818 0.12197 0.06030 0.04330 0.03874 0.04683 0.08092 0.01545 0.09376 0.10462 0.06210 0.00000 0.11536 0.03452 0.02994 0.04662 0.04393 0.02756 0.02902 0.14462 0.03047 0.04216
0.08628 0.17604 0.04992 0.09685 0.03715 0.04870 0.08281 0.11983 0.18527 0.10865 0.03366 0.12804 0.08498 0.08422 0.11006 0.16963 0.03932 0.03761 0.09485 0.12845 0.07537 0.07917 0.08253 0.04040 0.11993 0.14935 0.05832 0.12317 0.08099 0.09078 0.13810 0.05196 0.05522 0.04693 0.03881 0.02788 0.05788 0.07410 0.01830 -0.00000 0.05079 0.04429 0.07117 0.10256 0.11874 0.05007 0.03020 0.05019 0.05421 0.03778
0.13692 0.09053 0.06373 0.04440 0.03979 0.05483 0.05496 0.12077 0.11286 0.06592 0.00971 0.13615 0.14978 0.05692 0.04578 0.09380 0.08253 0.08446 0.06070 0.09636 0.11357 0.06958 0.09420 0.05716 0.06616 0.09375 0.06064 0.05414 0.06418 0.05488 0.05756 0.05486 0.09396 0.04161 0.04124 0.02012 0.13919 0.10875 0.01986 0.00000 0.04792 0.10803 0.03741 0.13219 0.10257 0.06317 0.09929 0.15441 0.08716 0.04563
0.14005 0.08053 0.11758 0.03623 0.05094 0.08190 0.14021 0.06764 0.10660 0.05278 0.01059 0.07396 0.16297 0.02888 0.04143 0.05398 0.11154 0.08953 0.07951 0.14810 0.04457 0.05016 0.10451 0.10283 0.05725 0.11287 0.06676 0.11290 0.13780 0.09720 0.07383 0.04858 0.08226 0.04934 0.09737 0.05284 0.13559 0.13023 0.03439 0.00000 0.13680 0.10473 0.05666 0.09305 0.13720 0.06395 0.02689 0.07520 0.04239 0.05986
0.16240 0.10065 0.08943 0.02665 0.09446 0.04153 0.02476 0.06709 0.07935 0.19448 0.04036 0.05388 0.09228 0.05060 0.02483 0.17694 0.03094 0.02360 0.03230 0.05246 0.02993 0.03791 0.11242 0.09703 0.03447 0.04703 0.03962 0.09908 0.02995 0.04004 0.05177 0.05381 0.06436 0.02653 0.08009 0.01888 0.08112 0.12213 0.08911 -0.00000 0.11029 0.11692 0.01574 0.14683 0.08371 0.04411 0.02122 0.02879 0.05299 0.06854
0.07985 0.11741 0.03669 0.03198 0.10003 0.14754 0.05341 0.03455 0.07588 0.04603 0.00839 0.03618 0.05332 0.02081 0.01910 0.07655 0.02232 0.04224 0.04342 0.12154 0.07475 0.13369 0.03694 0.07950 0.08810 0.06404 0.12184 0.07588 0.02278 0.09570 0.13954 0.02333 0.09297 0.05872 0.07298 0.00959 0.09499 0.12609 0.04664 0.00000 0.08220 0.09859 0.02593 0.04759 0.05092 0.04263 0.03308 0.04394 0.02526 0.05050
0.13420 0.03588 0.10624 0.03436 0.06894 0.03559 0.18734 0.07147 0.14704 0.10936 0.04535 0.11054 0.03651 0.03098 0.10089 0.10478 0.05937 0.03504 0.04399 0.03892 0.08801 0.03524 0.03833 0.10323 0.08811 0.12852 0.10430 0.10052 0.16236 0.12565 0.04168 0.13730 0.03864 0.08489 0.06754 0.01681 0.08657 0.03890 0.01655 -0.00000 0.09805 0.03388 0.02924 0.07354 0.07040 0.03040 0.09203 0.14293 0.02960 0.09471
0.04531 0.04072 0.12663 0.03963 0.02773 0.07008 0.08928 0.09680 0.09875 0.08628 0.00910 0.12654 0.12501 0.10137 0.03999 0.05098 0.05821 0.04060 0.13038 0.09101 0.13297 0.10837 0.15807 0.10694 0.04443 0.04290 0.04382 0.12356 0.06697 0.13538 0.04619 0.08151 0.04761 0.07465 0.05280 0.02622 0.04965 0.08146 0.01551 0.00000 0.10874 0.04501 0.05265 0.04871 0.10413 0.04219 0.05524 0.07552 0.07305 0.07898
0.06371 0.06293 0.10741 0.14383 0.03970 0.08722 0.05259 0.09407 0.18135 0.07244 0.01277 0.06692 0.05037 0.06653 0.04082 0.10611 0.05337 0.04892 0.07453 0.09726 0.09848 0.07474 0.05692 0.04733 0.05174 0.12096 0.13159 0.10807 0.05458 0.05617 0.15881 0.06681 0.05862 0.04254 0.09312 0.02947 0.11858 0.05359 0.03865 -0.00000 0.15057 0.10463 0.03324 0.09172 0.11448 0.05456 0.04842 0.05202 0.08623 0.06843
0.13003 0.06845 0.11068 0.05773 0.10831 0.13900 0.05410 0.16468 0.05088 0.08378 0.03230 0.06559 0.09039 0.02240 0.03498 0.18936 0.04698 0.03826 0.11060 0.04216 0.03807 0.04061 0.05989 0.14884 0.07253 0.08210 0.10582 0.03772 0.04206 0.04380 0.06741 0.14937 0.04012 0.04382 0.03501 0.02215 0.04808 0.04534 0.10166 -0.00000 0.10086 0.06352 0.02944 0.21356 0.04308 0.05115 0.04915 0.05119 0.04652 0.09719
0.19452 0.09132 0.12125 0.04274 0.03051 0.04491 0.16814 0.07872 0.06084 0.05282 0.01729 0.13484 0.04627 0.02710 0.08637 0.08509 0.15312 0.04533 0.05709 0.10242 0.05666 0.04154 0.04775 0.04206 0.05716 0.10645 0.11402 0.04846 0.14956 0.05139 0.09653 0.04994 0.10055 0.07980 0.04465 0.01897 0.15946 0.12289 0.02525 -0.00000 0.04900 0.03985 0.09272 0.06441 0.10250 0.02784 0.04851 0.14310 0.06417 0.14449
0.20049 0.05899 0.04006 0.16134 0.04035 0.05583 0.11257 0.09620 0.09898 0.13022 0.00910 0.03964 0.03954 0.07725 0.04199 0.03655 0.06248 0.05773 0.07813 0.10578 0.06431 0.15687 0.07999 0.04117 0.04663 0.03669 0.14051 0.08424 0.03410 0.07173 0.06932 0.10840 0.14305 0.03657 0.03989 0.01388 0.05198 0.04258 0.01068 0.00000 0.13304 0.09840 0.08762 0.19453 0.18789 0.02142 0.02318 0.07953 0.03026 0.05133
0.13967 0.07936 0.09146 0.05937 0.05332 0.09907 0.06381 0.05249 0.11639 0.09979 0.04846 0.14578 0.06516 0.04264 0.08175 0.08746 0.05067 0.05622 0.04883 0.09603 0.06066 0.06817 0.09524 0.04024 0.14789 0.05190 0.06172 0.09134 0.14406 0.11677 0.11824 0.10865 0.09149 0.04212 0.08528 0.03228 0.08137 0.06564 0.01880 0.00000 0.04660 0.03794 0.06331 0.12184 0.04689 0.02884 0.04119 0.05433 0.05729 0.05664
0.05524 0.04902 0.06350 0.03591 0.06063 0.12982 0.06710 0.11456 0.09577 0.05747 0.00991 0.05523 0.09096 0.02944 0.07228 0.13345 0.11017 0.06368 0.05617 0.04568 0.04166 0.04363 0.04466 0.08367 0.08495 0.06026 0.11361 0.07486 0.06508 0.07947 0.05552 0.14947 0.04853 0.04448 0.07655 0.06144 0.12576 0.07896 0.02665 0.00000 0.05021 0.04828 0.03987 0.09752 0.04706 0.08200 0.03465 0.16027 0.06362 0.04162
0.12347 0.13341 0.05328 0.07504 0.06370 0.10569 0.06521 0.13967 0.11827 0.09645 0.00584 0.08257 0.03318 0.08963 0.04868 0.03995 0.08992 0.13696 0.10099 0.03505 0.07896 0.06864 0.03842 0.03116 0.10314 0.04054 0.09127 0.03605 0.06772 0.04356 0.05236 0.04086 0.04003 0.03710 0.09794 0.03429 0.10032 0.03389 0.02263 0.00000 0.06400 0.06212 0.08608 0.12537 0.05546 0.04378 0.02105 0.04661 0.07818 0.08824
0.12388 0.12433 0.06650 0.03741 0.04724 0.07174 0.08362 0.13763 0.05574 0.10690 0.01608 0.04260 0.03543 0.02174 0.05794 0.10755 0.08585 0.03227 0.13383 0.05793 0.15060 0.14198 0.06666 0.09853 0.10634 0.03952 0.09693 0.14404 0.04221 0.12439 0.04088 0.04394 0.03198 0.05585 0.03696 0.01359 0.05325 0.05827 0.03895 -0.00000 0.14897 0.03049 0.04619 0.14246 0.06587 0.02157 0.01980 0.04800 0.03107 0.11213
0.05056 0.09023 0.04658 0.03745 0.09495 0.11392 0.18510 0.08131 0.08645 0.09155 0.00902 0.04671 0.07825 0.09103 0.09694 0.07451 0.06964 0.04032 0.16685 0.07171 0.03633 0.04133 0.07815 0.05330 0.08166 0.17292 0.05798 0.11782 0.05992 0.06294 0.12125 0.05943 0.09934 0.07170 0.05572 0.03190 0.06482 0.06819 0.04191 -0.00000 0.04321 0.03795 0.07432 0.14347 0.03669 0.09070 0.08312 0.09554 0.06985 0.03851
0.12874 0.11125 0.09645 0.07118 0.08920 0.04983 0.05360 0.09356 0.07664 0.05458 0.01008 0.05876 0.04091 0.03633 0.03801 0.06581 0.10948 0.04231 0.08702 0.08029 0.11323 0.12928 0.03951 0.04219 0.09520 0.06007 0.14865 0.08438 0.04611 0.04564 0.15164 0.08241 0.04827 0.06266 0.04037 0.01679 0.15769 0.08298 0.03021 -0.00000 0.12613 0.10714 0.03462 0.12757 0.05935 0.04065 0.06042 0.07163 0.03814 0.09271
0.04451 0.02045 0.11035 0.01879 0.06143 0.02722 0.02952 0.02395 0.09049 0.02562 0.00410 0.03254 0.11099 0.01477 0.02217 0.09922 0.12972 0.08812 0.13880 0.02255 0.04589 0.01989 0.03108 0.05893 0.06103 0.03275 0.02968 0.06516 0.14017 0.05367 0.02781 0.03677 0.02575 0.05292 0.02633 0.05621 0.13688 0.09292 0.04048 -0.00000 0.06869 0.07836 0.05640 0.10732 0.05764 0.03348 0.09168 0.14253 0.02382 0.12262
0.16047 0.03446 0.08615 0.06914 0.07111 0.07593 0.04764 0.04644 0.14122 0.18310 0.00853 0.04652 0.09588 0.10728 0.07517 0.04322 0.08769 0.04797 0.10766 0.03925 0.12219 0.07433 0.03821 0.06427 0.04000 0.10824 0.04605 0.13551 0.13513 0.05186 0.04238 0.06453 0.12129 0.03382 0.05412 0.08720 0.12765 0.07259 0.01815 -0.00000 0.09073 0.10919 0.06885 0.15393 0.07720 0.06082 0.02643 0.11196 0.07131 0.03290
0.06008 0.11570 0.04674 0.06207 0.03163 0.07736 0.11510 0.09139 0.06225 0.10294 0.04838 0.07375 0.10600 0.03472 0.03544 0.16635 0.13793 0.16870 0.04762 0.11888 0.03929 0.05558 0.10759 0.04079 0.11027 0.06388 0.07411 0.07187 0.06870 0.10419 0.06695 0.09640 0.07517 0.04826 0.09563 0.01627 0.06699 0.14429 0.03012 -0.00000 0.13349 0.05664 0.03935 0.07371 0.04465 0.03608 0.08491 0.13280 0.03811 0.04039
0.03876 0.08330 0.13719 0.03170 0.07664 0.11568 0.04130 0.04176 0.15127 0.06266 0.00514 0.06759 0.08088 0.02097 0.08952 0.04789 0.12227 0.03903 0.05642 0.03809 0.06925 0.10411 0.09106 0.06292 0.18620 0.09131 0.04303 0.03983 0.04454 0.16728 0.10755 0.05332 0.06208 0.09074 0.07115 0.03871 0.08160 0.03884 0.01098 0.00000 0.05920 0.02993 0.05328 0.09529 0.06225 0.05650 0.03674 0.05267 0.03366 0.03623
0.08878 0.09525 0.07414 0.07553 0.03050 0.11056 0.06247 0.07600 0.11989 0.05621 0.00680 0.04734 0.08231 0.06349 0.07606 0.12209 0.12898 0.10742 0.07008 0.04236 0.03412 0.04643 0.04423 0.05796 0.11200 0.08557 0.05463 0.08145 0.06557 0.13435 0.03684 0.10078 0.03815 0.12006 0.04452 0.04873 0.04834 0.10391 0.01434 -0.00000 0.04234 0.03317 0.10162 0.12341 0.07668 0.04518 0.02607 0.19559 0.06940 0.03840
0.08038 0.05083 0.10164 0.08229 0.04567 0.04557 0.07936 0.17601 0.18355 0.10376 0.01115 0.19257 0.10516 0.03258 0.07373 0.07822 0.05169 0.07866 0.05500 0.06510 0.09851 0.12986 0.07593 0.06820 0.15900 0.09170 0.09569 0.04828 0.12648 0.07346 0.11975 0.05149 0.04598 0.06369 0.11242 0.02446 0.09786 0.04850 0.01661 -0.00000 0.05063 0.07519 0.03548 0.09138 0.06023 0.03208 0.05771 0.06611 0.06581 0.03943
0.04356 0.25986 0.10041 0.05401 0.05237 0.07995 0.09874 0.05604 0.04968 0.12475 0.03388 0.05557 0.03351 0.11883 0.12544 0.14721 0.04153 0.03197 0.14311 0.06395 0.03045 0.04859 0.03639 0.06062 0.17574 0.14086 0.08971 0.12274 0.04014 0.09783 0.07160 0.05378 0.08836 0.16116 0.07284 0.01332 0.07664 0.09981 0.01712 0.00000 0.07679 0.08763 0.04558 0.13284 0.03501 0.02816 0.02854 0.07039 0.04625 0.03339
0.04227 0.03034 0.06316 0.06421 0.05430 0.09701 0.05645 0.05507 0.05255 0.05507 0.00717 0.08160 0.06224 0.04049 0.06199 0.08234 0.05725 0.06283 0.09332 0.04330 0.02453 0.06896 0.05287 0.07974 0.04156 0.08714 0.16667 0.03752 0.03764 0.09314 0.04897 0.09392 0.13823 0.11415 0.06492 0.05495 0.08765 0.18785 0.01424 -0.00000 0.04003 0.11920 0.09199 0.04054 0.05241 0.04223 0.05360 0.04624 0.07543 0.03272
0.20033 0.04474 0.05763 0.02216 0.02642 0.02915 0.04567 0.09667 0.05356 0.07375 0.00732 0.16424 0.12420 0.01962 0.02013 0.07111 0.03267 0.02660 0.05662 0.14132 0.06773 0.06671 0.08066 0.07807 0.07754 0.06593 0.03514 0.04937 0.10697 0.08135 0.06784 0.07524 0.07057 0.02406 0.05088 0.04588 0.04425 0.09361 0.04768 -0.00000 0.10615 0.14778 0.04128 0.04862 0.05907 0.01949 0.02428 0.04097 0.07602 0.02290
0.03652 0.02546 0.09907 0.11499 0.02451 0.09078 0.03454 0.14551 0.07701 0.09179 0.00661 0.10476 0.17680 0.04012 0.08824 0.03559 0.15861 0.06760 0.03198 0.06001 0.06758 0.15523 0.14894 0.09807 0.06759 0.05641 0.12157 0.05794 0.09897 0.10827 0.03241 0.08730 0.07294 0.15931 0.12100 0.01423 0.13397 0.07916 0.01119 -0.00000 0.06642 0.02355 0.02288 0.04192 0.04102 0.01651 0.02202 0.09419 0.02358 0.02768
0.11825 0.04174 0.11171 0.03595 0.03417 0.14196 0.15612 0.07252 0.06469 0.04619 0.00715 0.04962 0.06611 0.07329 0.03379 0.05181 0.04526 0.14816 0.11254 0.11176 0.11393 0.03837 0.04565 0.08892 0.04355 0.06275 0.09082 0.08611 0.10670 0.09621 0.06393 0.05638 0.17674 0.06893 0.08143 0.04761 0.08609 0.07091 0.01950 0.00000 0.11425 0.04305 0.08988 0.09023 0.12354 0.09407 0.05133 0.06410 0.10510 0.11341
0.22547 0.04827 0.10757 0.08743 0.02038 0.04659 0.05758 0.04919 0.18740 0.09363 0.00983 0.12330 0.09797 0.02510 0.04724 0.13836 0.04425 0.03210 0.04894 0.03806 0.10930 0.04521 0.07231 0.08967 0.04798 0.08546 0.08817 0.09266 0.14157 0.05755 0.03719 0.12651 0.03365 0.06624 0.02905 0.02598 0.04012 0.04414 0.05598 0.00000 0.03700 0.05767 0.02824 0.16590 0.04512 0.02466 0.02510 0.16959 0.06119 0.08720
0.08549 0.07355 0.04403 0.03801 0.11229 0.13124 0.04054 0.09093 0.05868 0.04424 0.00999 0.07009 0.09824 0.02573 0.04102 0.09108 0.07989 0.10798 0.04147 0.07540 0.03867 0.03899 0.17364 0.08907 0.04312 0.03925 0.04744 0.07716 0.07071 0.12006 0.14430 0.17600 0.06581 0.03769 0.03757 0.01712 0.12344 0.07896 0.03102 0.00000 0.05350 0.02769 0.05914 0.13214 0.03489 0.02282 0.11140 0.04670 0.05665 0.07444
0.12430 0.09841 0.06520 0.04385 0.05078 0.09219 0.12761 0.08809 0.12904 0.08748 0.00937 0.07045 0.04430 0.07646 0.03981 0.10503 0.05377 0.10001 0.05321 0.06738 0.06528 0.04449 0.08987 0.06661 0.05094 0.11978 0.07532 0.06817 0.05467 0.11493 0.07448 0.11819 0.05994 0.10593 0.04476 0.02756 0.08131 0.12723 0.02361 0.00000 0.09441 0.07937 0.06019 0.07808 0.10719 0.03606 0.02976 0.16565 0.11819 0.06914
0.04614 0.06577 0.04769 0.07618 0.03077 0.06381 0.08196 0.09045 0.16624 0.07943 0.01656 0.11046 0.14492 0.04780 0.10914 0.04593 0.14601 0.15002 0.04779 0.04775 0.10279 0.05792 0.09778 0.03411 0.04608 0.14660 0.04775 0.07331 0.14348 0.04824 0.09248 0.04555 0.10138 0.09756 0.05359 0.07458 0.10111 0.07092 0.01601 0.00000 0.04036 0.03290 0.04590 0.16044 0.05046 0.05034 0.09077 0.09398 0.06699 0.03705
0.10323 0.04398 0.11650 0.03835 0.03399 0.07844 0.10846 0.11743 0.13114 0.10294 0.00917 0.18020 0.12110 0.03087 0.03181 0.05026 0.10276 0.08672 0.06368 0.04696 0.03635 0.13210 0.08973 0.05541 0.05537 0.08361 0.06067 0.07849 0.04934 0.05098 0.10224 0.09424 0.10664 0.05744 0.10152 0.06884 0.05876 0.06902 0.01853 -0.00000 0.15181 0.07188 0.15224 0.09664 0.08128 0.05285 0.03023 0.09969 0.08339 0.03777
0.12427 0.06727 0.08908 0.06640 0.06140 0.04750 0.09845 0.08788 0.07020 0.11689 0.08277 0.09097 0.07742 0.07697 0.03934 0.16826 0.05307 0.05615 0.14066 0.16117 0.06468 0.04788 0.05069 0.07465 0.19897 0.10016 0.06448 0.05180 0.11090 0.16445 0.09847 0.05227 0.04657 0.04813 0.07217 0.05329 0.11342 0.18804 0.02923 0.00000 0.11332 0.10366 0.04165 0.13941 0.04932 0.03628 0.04896 0.06291 0.03945 0.04380
0.07236 0.07939 0.11628 0.07780 0.03418 0.11901 0.09193 0.12285 0.18751 0.04102 0.00622 0.08676 0.08174 0.05703 0.03166 0.06675 0.04943 0.05488 0.10395 0.05243 0.03008 0.05448 0.12328 0.04744 0.06590 0.05118 0.05441 0.11970 0.03962 0.08027 0.15030 0.08390 0.04125 0.06885 0.09187 0.05262 0.04886 0.03703 0.03305 -0.00000 0.07458 0.03104 0.04062 0.10908 0.11505 0.07304 0.03104 0.04636 0.09052 0.08234
0.16358 0.06190 0.06368 0.09593 0.04040 0.07280 0.09631 0.08203 0.13167 0.10025 0.02029 0.07366 0.07957 0.05763 0.04737 0.12057 0.10752 0.06849 0.13088 0.14162 0.05654 0.09735 0.09988 0.05202 0.13156 0.10056 0.08406 0.08463 0.15501 0.11088 0.06256 0.08861 0.07851 0.05635 0.07970 0.03511 0.08382 0.10805 0.06127 -0.00000 0.10676 0.07232 0.04925 0.07275 0.05761 0.05798 0.04350 0.13006 0.05398 0.08147
0.11534 0.05471 0.16497 0.04043 0.05711 0.09100 0.07559 0.06323 0.07677 0.05915 0.01631 0.06039 0.08617 0.03138 0.10990 0.13335 0.09541 0.06995 0.07499 0.05657 0.06568 0.04659 0.05857 0.13127 0.08274 0.05921 0.13637 0.08452 0.09796 0.10282 0.05982 0.17182 0.04944 0.12056 0.04681 0.06129 0.07322 0.09956 0.02787 -0.00000 0.08078 0.04437 0.12827 0.18067 0.08499 0.06665 0.04109 0.18895 0.05247 0.10264
