0.19188 0.14332 0.19919 0.03740 0.09817 0.14406 0.19377 0.21149 0.49547 0.14324 0.00045 0.24341 0.09338 0.03160 0.18048 0.26715 0.21834 0.02090 0.20926 0.19648 0.04034 0.21055 0.22088 0.13961 0.22687 0.19529 0.15796 0.07192 0.16916 0.32107 0.24759 0.21083 0.17367 0.24857 0.04186 0.00093 0.21848 0.23578 0.00173 0.00298 0.20527 0.15122 0.02653 0.19461 0.24079 0.02096 0.00242 0.26472 0.01421 0.09023
0.18137 0.12863 0.18908 0.04429 0.09481 0.13617 0.19847 0.20234 0.45984 0.13527 0.00066 0.22576 0.10145 0.02840 0.15604 0.25788 0.21951 0.02047 0.21153 0.18733 0.04604 0.19608 0.21685 0.13631 0.19743 0.18689 0.16227 0.07637 0.15753 0.30268 0.23222 0.19015 0.15216 0.25065 0.03750 0.00042 0.20452 0.23355 0.00033 0.00084 0.21015 0.15115 0.03251 0.18058 0.22027 0.01222 0.00188 0.26611 0.01850 0.09273
0.20587 0.15610 0.19470 0.05823 0.10021 0.14663 0.27667 0.22562 0.55753 0.17170 0.00035 0.24700 0.10339 0.03369 0.20110 0.32781 0.23693 0.02440 0.25575 0.23254 0.03612 0.20450 0.26745 0.14505 0.24921 0.22585 0.18807 0.10486 0.19575 0.37538 0.29946 0.21263 0.17339 0.27000 0.03866 0.00054 0.22548 0.26744 0.00029 0.00127 0.22110 0.16954 0.03707 0.20187 0.25952 0.01891 0.00255 0.34493 0.01878 0.10623
0.22260 0.14632 0.20761 0.05392 0.11649 0.16086 0.26366 0.25971 0.50127 0.16273 0.00032 0.23378 0.11387 0.03452 0.18523 0.33778 0.26691 0.02988 0.26883 0.23738 0.04223 0.21088 0.27485 0.15692 0.22359 0.21003 0.20016 0.07993 0.19045 0.36118 0.26534 0.22780 0.18554 0.25536 0.03541 0.00049 0.26733 0.31934 0.00026 0.00097 0.24928 0.19451 0.04352 0.22504 0.24201 0.01638 0.00440 0.35524 0.01649 0.11086
0.19088 0.12486 0.20660 0.04774 0.09955 0.13463 0.24134 0.24229 0.42965 0.13707 0.00034 0.22200 0.12546 0.02742 0.15329 0.28165 0.25824 0.03416 0.25538 0.23076 0.04397 0.19824 0.26881 0.13438 0.18385 0.20395 0.17170 0.06857 0.17590 0.33640 0.25239 0.18096 0.17010 0.23733 0.04171 0.00050 0.23821 0.30206 0.00023 0.00307 0.23357 0.18583 0.04850 0.18848 0.23925 0.01740 0.00507 0.33991 0.02171 0.10471
0.20847 0.14319 0.18980 0.05810 0.10483 0.14534 0.24439 0.21072 0.55394 0.17299 0.00039 0.24220 0.11022 0.03503 0.19039 0.32551 0.24782 0.02351 0.26638 0.23828 0.04313 0.20104 0.27766 0.15679 0.24226 0.21138 0.18760 0.10277 0.19906 0.37575 0.27000 0.21944 0.16707 0.25296 0.03333 0.00080 0.22092 0.27487 0.00021 0.00079 0.25218 0.18487 0.03259 0.22558 0.26461 0.01690 0.00341 0.33189 0.01694 0.10555
0.21785 0.12831 0.22993 0.04297 0.10849 0.14763 0.24552 0.26695 0.44248 0.13178 0.00026 0.25433 0.10488 0.02574 0.15769 0.27410 0.23432 0.02307 0.22915 0.22475 0.03394 0.23927 0.24284 0.13440 0.19388 0.20739 0.16804 0.06416 0.15482 0.35008 0.28683 0.20926 0.19696 0.26422 0.04449 0.00047 0.26020 0.29823 0.00023 0.00081 0.21390 0.16500 0.05145 0.17087 0.25207 0.01631 0.00231 0.32557 0.02260 0.12117
0.21729 0.13416 0.21790 0.04554 0.10081 0.16875 0.24981 0.24765 0.48599 0.14192 0.00028 0.24457 0.11405 0.02476 0.17281 0.28416 0.26253 0.02197 0.23334 0.21369 0.03613 0.21078 0.25637 0.14129 0.19232 0.19463 0.18798 0.08159 0.17489 0.33456 0.26800 0.21401 0.18815 0.28130 0.04704 0.00046 0.23620 0.27833 0.00025 0.00309 0.21103 0.16501 0.03592 0.20799 0.25737 0.02023 0.00257 0.32291 0.02654 0.10507
0.21462 0.16243 0.21406 0.05300 0.10694 0.17092 0.24143 0.23825 0.57067 0.16783 0.00243 0.27055 0.11715 0.04461 0.20682 0.31701 0.26928 0.02707 0.25357 0.22371 0.04711 0.22020 0.26112 0.15705 0.22926 0.22772 0.19501 0.08916 0.19259 0.34045 0.28059 0.23783 0.20104 0.28100 0.04482 0.00138 0.24638 0.28027 0.00146 0.00270 0.23200 0.19253 0.04018 0.24533 0.26839 0.02392 0.00616 0.32147 0.02088 0.10155
0.21582 0.11826 0.22538 0.04056 0.10633 0.11715 0.22930 0.24239 0.41269 0.11700 0.00018 0.23938 0.09311 0.01889 0.15018 0.25414 0.20049 0.01763 0.20898 0.20843 0.03358 0.22831 0.22367 0.12130 0.19108 0.18758 0.15378 0.06418 0.15362 0.33270 0.26483 0.19772 0.17523 0.24396 0.04495 0.00075 0.22124 0.25791 0.00018 0.00137 0.19192 0.14397 0.04383 0.16078 0.25194 0.01448 0.00193 0.29841 0.01627 0.11615
0.17744 0.11068 0.19238 0.03088 0.10094 0.16384 0.13756 0.21360 0.38399 0.11233 0.00030 0.19005 0.09742 0.02862 0.14370 0.24021 0.23577 0.02215 0.14328 0.13578 0.04427 0.19053 0.18419 0.13283 0.16071 0.13137 0.13573 0.05665 0.12939 0.25129 0.17224 0.21879 0.14277 0.21456 0.02816 0.00052 0.24383 0.21867 0.00019 0.00058 0.17681 0.12544 0.02018 0.18221 0.18278 0.01234 0.00341 0.20779 0.01453 0.07860
0.19316 0.11982 0.18363 0.05372 0.09626 0.12390 0.23805 0.24282 0.41835 0.13725 0.00041 0.19930 0.11117 0.02938 0.15110 0.28212 0.24350 0.02830 0.25074 0.22497 0.04722 0.19183 0.26687 0.13818 0.18066 0.18004 0.18413 0.07034 0.16808 0.33495 0.22321 0.17577 0.16067 0.23031 0.03299 0.00047 0.21081 0.29090 0.00020 0.00105 0.24349 0.17908 0.03391 0.18666 0.22928 0.01878 0.00252 0.32919 0.01631 0.09819
0.16684 0.10645 0.17205 0.04498 0.09841 0.13700 0.17584 0.21961 0.43158 0.11721 0.00022 0.19599 0.10709 0.01964 0.14051 0.22630 0.23406 0.02731 0.18496 0.17473 0.04137 0.19934 0.23817 0.13378 0.16607 0.16414 0.15580 0.06053 0.14188 0.30390 0.21236 0.19498 0.15539 0.22901 0.03807 0.00027 0.20421 0.23077 0.00014 0.00063 0.19656 0.14903 0.02243 0.17656 0.21588 0.01111 0.00547 0.27227 0.01957 0.07650
0.21228 0.13311 0.20552 0.05719 0.08601 0.13856 0.25493 0.22562 0.46712 0.13103 0.00060 0.25652 0.11282 0.02927 0.16215 0.27222 0.21842 0.02035 0.22716 0.21787 0.03593 0.20800 0.24122 0.12998 0.19202 0.20458 0.17266 0.07856 0.17355 0.31755 0.27249 0.18584 0.17378 0.25712 0.04413 0.00043 0.20532 0.26005 0.00022 0.00090 0.19331 0.16085 0.04307 0.17845 0.24853 0.01739 0.00228 0.31097 0.02479 0.10550
0.20176 0.14134 0.21014 0.04681 0.10913 0.14923 0.21423 0.22956 0.48394 0.15698 0.00036 0.23031 0.11104 0.03803 0.17799 0.30757 0.25585 0.03323 0.24143 0.22137 0.04899 0.20146 0.26074 0.16177 0.22455 0.18884 0.16122 0.08094 0.19388 0.35292 0.22862 0.21895 0.17580 0.24117 0.03216 0.00082 0.25981 0.29320 0.00024 0.00105 0.25205 0.17983 0.03229 0.21650 0.24342 0.01637 0.00684 0.30604 0.01714 0.09890
0.19451 0.11777 0.17801 0.04643 0.09204 0.14320 0.22669 0.23348 0.40595 0.12400 0.00038 0.20126 0.11465 0.02888 0.14132 0.25462 0.22874 0.02442 0.23253 0.19913 0.03338 0.18272 0.24613 0.13135 0.15311 0.18209 0.17256 0.06289 0.15005 0.28256 0.22561 0.17592 0.17228 0.22273 0.03358 0.00046 0.20376 0.26461 0.00027 0.00260 0.20264 0.16984 0.03250 0.20207 0.21284 0.02259 0.00247 0.28102 0.01837 0.09027
0.19259 0.13304 0.22322 0.04566 0.12678 0.13908 0.23774 0.29900 0.43226 0.12131 0.00037 0.24831 0.13864 0.02994 0.15826 0.27342 0.26041 0.03505 0.24083 0.24196 0.05144 0.24314 0.28737 0.14419 0.17374 0.20429 0.16140 0.06776 0.16359 0.35288 0.26953 0.19053 0.18573 0.26654 0.05542 0.00045 0.25889 0.31379 0.00019 0.00080 0.22579 0.19347 0.03592 0.17149 0.24117 0.01534 0.00702 0.33743 0.02565 0.11438
0.21469 0.12538 0.22567 0.04507 0.10882 0.15225 0.22983 0.24377 0.47574 0.11986 0.00024 0.24221 0.10770 0.02101 0.15896 0.25904 0.24129 0.02486 0.22156 0.21187 0.04722 0.22805 0.25285 0.14421 0.20082 0.19650 0.19003 0.07932 0.16651 0.36049 0.26029 0.22066 0.18853 0.27548 0.04071 0.00080 0.23528 0.26816 0.00027 0.00127 0.22804 0.16332 0.03782 0.19805 0.26770 0.01596 0.00242 0.31938 0.02175 0.10849
0.22167 0.14042 0.23175 0.04432 0.13183 0.17854 0.21503 0.28747 0.47180 0.14852 0.00058 0.25266 0.12947 0.03142 0.18271 0.31663 0.28606 0.03413 0.23205 0.23822 0.04726 0.25197 0.28631 0.17224 0.20616 0.19638 0.17694 0.06399 0.18655 0.37451 0.24267 0.25297 0.20046 0.27080 0.04263 0.00047 0.29914 0.33701 0.00031 0.00086 0.25993 0.18749 0.03582 0.20750 0.23562 0.01233 0.00541 0.32855 0.02066 0.11208
0.22216 0.13746 0.21686 0.04858 0.11671 0.18503 0.23532 0.26306 0.49216 0.13935 0.00028 0.23547 0.11283 0.03293 0.18546 0.29469 0.27099 0.02942 0.22815 0.20451 0.04702 0.21506 0.24737 0.17646 0.21050 0.19230 0.18700 0.06870 0.18140 0.33679 0.23177 0.24159 0.19868 0.28252 0.03775 0.00050 0.25833 0.29798 0.00024 0.00160 0.23192 0.16719 0.04331 0.23285 0.24591 0.01884 0.00373 0.31569 0.02064 0.09693
0.22608 0.15173 0.23021 0.05278 0.12149 0.15521 0.22508 0.23069 0.52429 0.13813 0.00028 0.26993 0.10085 0.02465 0.18195 0.28497 0.23241 0.01984 0.22005 0.21162 0.05202 0.23282 0.23768 0.15572 0.23080 0.21465 0.17654 0.08248 0.17489 0.34773 0.27705 0.23144 0.18604 0.29212 0.03875 0.00075 0.24570 0.25054 0.00027 0.00130 0.21705 0.16099 0.03679 0.20515 0.27292 0.01631 0.00216 0.31108 0.02069 0.11215
0.23227 0.14558 0.21769 0.05888 0.10919 0.16644 0.27222 0.26518 0.51977 0.16176 0.00034 0.26300 0.12276 0.03436 0.19010 0.31768 0.28494 0.03162 0.26337 0.24422 0.04501 0.22424 0.28557 0.16300 0.21953 0.20825 0.20004 0.08652 0.20596 0.36830 0.26485 0.23235 0.19984 0.28132 0.03901 0.00058 0.25225 0.32019 0.00023 0.00208 0.25064 0.18706 0.04565 0.22484 0.26572 0.02060 0.00442 0.36175 0.02196 0.11452
0.19548 0.13279 0.19512 0.05102 0.10831 0.15828 0.23065 0.24075 0.53835 0.14385 0.00025 0.25304 0.11468 0.02148 0.17575 0.26919 0.24973 0.01933 0.21685 0.22649 0.05237 0.22803 0.26774 0.14094 0.20987 0.21582 0.15985 0.08198 0.16106 0.36230 0.29072 0.20858 0.17893 0.28701 0.04610 0.00041 0.23073 0.26252 0.00007 0.00060 0.21661 0.16853 0.03226 0.17948 0.26710 0.01562 0.00254 0.30947 0.02451 0.09777
0.20313 0.12432 0.20057 0.03359 0.10871 0.15061 0.20039 0.24273 0.42883 0.11819 0.00024 0.22454 0.09234 0.02582 0.15418 0.24340 0.22207 0.02380 0.17573 0.19530 0.04125 0.21880 0.21250 0.12816 0.18420 0.17843 0.14523 0.06438 0.14254 0.31236 0.24084 0.21546 0.17925 0.24334 0.04032 0.00056 0.24097 0.25720 0.00017 0.00068 0.19345 0.13557 0.03258 0.17493 0.21766 0.01323 0.00294 0.25793 0.01852 0.09714
0.18765 0.12915 0.21833 0.03426 0.10328 0.15877 0.18625 0.21517 0.44965 0.12628 0.00034 0.23052 0.09931 0.02749 0.14551 0.22966 0.23950 0.02280 0.19375 0.16534 0.03984 0.20672 0.20294 0.13935 0.19774 0.18338 0.15120 0.05868 0.15087 0.29040 0.22866 0.20419 0.16528 0.25558 0.04297 0.00048 0.23962 0.24008 0.00031 0.00081 0.19170 0.13833 0.03907 0.18022 0.22056 0.01086 0.00213 0.25346 0.02229 0.08312
0.20106 0.13959 0.21500 0.04764 0.09596 0.15249 0.23003 0.24126 0.47340 0.13870 0.00043 0.24204 0.11758 0.03271 0.17567 0.27022 0.24777 0.02594 0.22238 0.19513 0.04556 0.20818 0.23480 0.16009 0.19966 0.19553 0.17633 0.06861 0.17503 0.30477 0.24523 0.20908 0.18045 0.26301 0.04292 0.00183 0.23326 0.26700 0.00035 0.00258 0.21456 0.17237 0.04263 0.20281 0.23803 0.01981 0.00246 0.29968 0.02002 0.09202
0.21829 0.12927 0.20371 0.05761 0.11174 0.14299 0.25346 0.28665 0.45791 0.13967 0.00025 0.23307 0.13349 0.02164 0.16443 0.29583 0.27133 0.03541 0.24664 0.25743 0.04588 0.23191 0.30107 0.14206 0.18688 0.19768 0.18551 0.06761 0.18335 0.37285 0.24872 0.20804 0.18930 0.26227 0.03936 0.00043 0.24281 0.33602 0.00021 0.00094 0.25164 0.19380 0.03938 0.19122 0.25373 0.01644 0.00391 0.36409 0.01997 0.11068
0.17260 0.14117 0.19565 0.03509 0.09450 0.14922 0.18158 0.18790 0.48672 0.13101 0.00052 0.24802 0.08776 0.02721 0.15262 0.22580 0.21127 0.01498 0.19668 0.17141 0.03702 0.19983 0.20175 0.11531 0.20494 0.19765 0.14612 0.07610 0.13269 0.28609 0.25754 0.18606 0.16938 0.26757 0.04510 0.00040 0.21364 0.21039 0.00181 0.00302 0.17029 0.14681 0.03204 0.17041 0.23039 0.01908 0.00264 0.25486 0.02710 0.08508
0.22958 0.14973 0.22132 0.05287 0.12067 0.16705 0.24155 0.26195 0.55150 0.13975 0.00033 0.27688 0.11500 0.02461 0.18100 0.27808 0.26667 0.02260 0.22340 0.21716 0.05345 0.24812 0.26675 0.14069 0.21093 0.22093 0.18418 0.07971 0.16894 0.35374 0.29349 0.23948 0.21007 0.29582 0.04955 0.00054 0.25304 0.28069 0.00018 0.00086 0.21843 0.17897 0.04108 0.21412 0.28731 0.02096 0.00390 0.32244 0.02560 0.10191
0.21906 0.14564 0.21390 0.05733 0.11278 0.15294 0.24501 0.24498 0.50710 0.14643 0.00044 0.24305 0.10940 0.02883 0.18985 0.30769 0.25566 0.02443 0.23127 0.21834 0.05006 0.21965 0.25521 0.15972 0.22124 0.20782 0.19401 0.07782 0.18180 0.35529 0.25616 0.22943 0.17946 0.28167 0.03421 0.00054 0.23637 0.28264 0.00024 0.00143 0.22988 0.16952 0.03914 0.21156 0.25062 0.01598 0.00241 0.33305 0.01929 0.10668
0.18553 0.11109 0.18939 0.04071 0.10080 0.14151 0.18597 0.22264 0.40648 0.13057 0.00038 0.20529 0.10307 0.02305 0.14734 0.26234 0.23888 0.01827 0.21534 0.20100 0.04170 0.19387 0.24038 0.13439 0.18969 0.16448 0.16857 0.05566 0.15139 0.31986 0.20555 0.19714 0.16034 0.21802 0.02919 0.00049 0.23301 0.27742 0.00183 0.00307 0.21289 0.16282 0.03317 0.18146 0.20089 0.01808 0.00348 0.28530 0.01455 0.08629
0.22351 0.13196 0.21189 0.05605 0.11914 0.14192 0.22618 0.24464 0.51604 0.14108 0.00018 0.25403 0.10634 0.02130 0.17049 0.28661 0.23495 0.01968 0.23028 0.23232 0.05205 0.24273 0.25854 0.14400 0.22156 0.21141 0.17698 0.07372 0.16966 0.36977 0.28078 0.22571 0.18244 0.26777 0.04042 0.00066 0.23754 0.26587 0.00013 0.00076 0.23304 0.17166 0.03504 0.19927 0.27955 0.01420 0.00195 0.32772 0.01816 0.11621
0.18453 0.14998 0.18171 0.04623 0.09510 0.14173 0.22127 0.20252 0.48886 0.15297 0.00283 0.23131 0.10122 0.04971 0.17699 0.29128 0.23012 0.02334 0.21136 0.20701 0.04683 0.18078 0.22395 0.14004 0.21207 0.20151 0.14610 0.07748 0.18661 0.30437 0.24031 0.19339 0.15921 0.22821 0.04014 0.00276 0.22435 0.25221 0.00026 0.00081 0.21133 0.15940 0.03467 0.20189 0.22563 0.01654 0.00436 0.26636 0.02024 0.08777
0.22430 0.15541 0.23047 0.04640 0.12707 0.18464 0.23016 0.27322 0.49234 0.15768 0.00046 0.24054 0.11724 0.03655 0.18722 0.33204 0.28320 0.02779 0.25565 0.21637 0.04726 0.23233 0.26953 0.16787 0.21244 0.20646 0.21333 0.07894 0.16903 0.35895 0.26203 0.24746 0.20123 0.27169 0.03440 0.00049 0.29778 0.32847 0.00130 0.00144 0.25465 0.19450 0.03765 0.23786 0.23382 0.01394 0.00366 0.34203 0.02198 0.10789
0.16593 0.11700 0.16604 0.05584 0.07695 0.11419 0.21885 0.19416 0.39745 0.12832 0.00024 0.19438 0.09175 0.02763 0.14848 0.27223 0.20819 0.02096 0.21833 0.19621 0.03043 0.16439 0.22450 0.12837 0.19447 0.16373 0.16361 0.06414 0.16569 0.29990 0.20878 0.16250 0.13213 0.20368 0.02717 0.00038 0.19671 0.24420 0.00020 0.00076 0.20194 0.14743 0.03853 0.15678 0.20308 0.00938 0.00357 0.29446 0.01629 0.09201
0.14684 0.10087 0.13852 0.04174 0.07117 0.09548 0.21398 0.20399 0.36224 0.12434 0.00034 0.17270 0.09763 0.01958 0.12642 0.24189 0.19656 0.02931 0.19766 0.21517 0.03914 0.15240 0.23919 0.11160 0.15805 0.15529 0.12801 0.06410 0.15909 0.27948 0.18938 0.13535 0.12102 0.18488 0.03409 0.00044 0.16608 0.23980 0.00015 0.00066 0.20843 0.15378 0.02482 0.13215 0.18340 0.01207 0.00336 0.27831 0.01420 0.08832
0.21537 0.14633 0.22367 0.05210 0.10932 0.16625 0.23979 0.25670 0.49223 0.15152 0.00046 0.24147 0.12643 0.02827 0.17035 0.31296 0.28862 0.02804 0.25071 0.22128 0.04488 0.21774 0.27501 0.14939 0.20138 0.20665 0.20438 0.07561 0.17550 0.34812 0.26121 0.21998 0.19035 0.26730 0.04179 0.00052 0.26755 0.30896 0.00028 0.00115 0.25236 0.18195 0.04304 0.21713 0.25639 0.01723 0.00330 0.34967 0.02641 0.11135
0.16636 0.11030 0.17534 0.03688 0.09556 0.14679 0.18542 0.21225 0.43616 0.12494 0.00028 0.20880 0.09531 0.02507 0.14617 0.24583 0.21826 0.01949 0.18508 0.18434 0.04580 0.18350 0.22382 0.14216 0.18803 0.15801 0.13491 0.07707 0.15694 0.30573 0.21829 0.19141 0.14109 0.22722 0.03920 0.00051 0.21272 0.21679 0.00010 0.00062 0.19638 0.13621 0.01964 0.16605 0.20477 0.01299 0.00608 0.24811 0.01962 0.07951
0.23280 0.15226 0.23775 0.06116 0.12207 0.17504 0.25918 0.28369 0.52286 0.16759 0.00039 0.26539 0.13273 0.03190 0.19306 0.32941 0.30354 0.03739 0.25626 0.24778 0.05133 0.24699 0.29986 0.16896 0.23049 0.22019 0.21095 0.07419 0.19523 0.39599 0.28348 0.24313 0.20765 0.29146 0.04656 0.00138 0.28680 0.34171 0.00019 0.00191 0.27259 0.20203 0.04774 0.22385 0.26223 0.01642 0.00537 0.37115 0.02363 0.11227
0.17873 0.13057 0.15811 0.05955 0.08136 0.12273 0.24128 0.21236 0.47900 0.14502 0.00277 0.20742 0.11841 0.03649 0.16600 0.29235 0.23296 0.02603 0.24895 0.22330 0.04613 0.16639 0.27502 0.13092 0.18291 0.18914 0.17299 0.08879 0.18479 0.31928 0.22850 0.16697 0.14992 0.22114 0.03191 0.00132 0.18149 0.25407 0.00023 0.00078 0.21887 0.18112 0.02972 0.19581 0.23056 0.02147 0.00527 0.31363 0.01790 0.09193
0.18034 0.12876 0.19298 0.04548 0.08888 0.14132 0.20258 0.22230 0.42076 0.12543 0.00041 0.21464 0.11025 0.03163 0.15439 0.25750 0.22943 0.02230 0.22146 0.20154 0.03510 0.19448 0.22758 0.12938 0.17500 0.18430 0.16622 0.06491 0.15298 0.29487 0.23333 0.18099 0.16749 0.22828 0.03951 0.00067 0.21568 0.26248 0.00030 0.00087 0.20478 0.16233 0.03853 0.18206 0.22393 0.01259 0.00299 0.28302 0.02181 0.09206
0.18769 0.14397 0.19041 0.04904 0.09444 0.14259 0.24903 0.20488 0.50707 0.15981 0.00049 0.23196 0.10276 0.03402 0.17432 0.31647 0.23344 0.02366 0.26355 0.22561 0.03412 0.18600 0.25717 0.14326 0.22690 0.21757 0.19092 0.09004 0.18568 0.33976 0.27358 0.20359 0.16069 0.23789 0.04058 0.00056 0.22936 0.26816 0.00034 0.00269 0.22824 0.18403 0.03874 0.20552 0.23793 0.01614 0.00282 0.33854 0.01803 0.10292
0.20811 0.16033 0.21247 0.05364 0.10298 0.15981 0.25577 0.25671 0.51670 0.17090 0.00233 0.24781 0.12681 0.04330 0.18059 0.33384 0.28588 0.03634 0.27203 0.24311 0.04767 0.20866 0.28690 0.16003 0.22109 0.22364 0.20318 0.07785 0.19662 0.35189 0.26647 0.21452 0.18646 0.25898 0.03891 0.00129 0.26610 0.32481 0.00129 0.00223 0.26670 0.21260 0.03938 0.22626 0.24671 0.01825 0.00596 0.35382 0.02319 0.10113
0.21782 0.16034 0.21863 0.06314 0.11719 0.16103 0.27604 0.25430 0.57391 0.17849 0.00072 0.27247 0.12579 0.03969 0.21588 0.34589 0.27134 0.02667 0.27745 0.25251 0.04727 0.22881 0.29962 0.16917 0.25282 0.23386 0.20627 0.10592 0.21047 0.40466 0.29573 0.23328 0.18767 0.30183 0.04611 0.00054 0.24915 0.30803 0.00037 0.00235 0.25179 0.19054 0.03875 0.22056 0.26972 0.02069 0.00294 0.36984 0.01940 0.11322
0.19754 0.13119 0.20089 0.05505 0.08890 0.16708 0.23604 0.21554 0.52546 0.14662 0.00047 0.23940 0.11976 0.02437 0.16546 0.29300 0.25293 0.02647 0.24081 0.21351 0.04203 0.19003 0.26356 0.13172 0.20836 0.20612 0.19363 0.09126 0.17078 0.33990 0.27823 0.19488 0.16044 0.26349 0.04015 0.00051 0.23089 0.25015 0.00022 0.00083 0.21814 0.17956 0.03483 0.20275 0.25532 0.01634 0.00344 0.33271 0.02625 0.10681
0.16628 0.10790 0.15378 0.04094 0.07895 0.12506 0.21478 0.20964 0.36759 0.12948 0.00019 0.16382 0.09415 0.02056 0.14776 0.27027 0.22455 0.03474 0.19502 0.19980 0.03334 0.15867 0.23217 0.12573 0.17219 0.15630 0.15825 0.05945 0.15593 0.30544 0.19156 0.17469 0.14279 0.20660 0.02670 0.00041 0.20949 0.27511 0.00013 0.00141 0.21328 0.14176 0.03293 0.15647 0.18937 0.01481 0.00484 0.30822 0.01511 0.08851
0.21612 0.14130 0.22055 0.05276 0.10906 0.13588 0.25496 0.24789 0.45510 0.14681 0.00037 0.23941 0.11338 0.03077 0.16715 0.31276 0.24678 0.02774 0.24237 0.22640 0.03878 0.21750 0.25175 0.14147 0.20566 0.20880 0.19886 0.07182 0.16974 0.35671 0.27964 0.21494 0.17645 0.24906 0.03950 0.00172 0.25162 0.30041 0.00031 0.00083 0.22792 0.17945 0.05055 0.18823 0.23670 0.01442 0.00333 0.34838 0.01862 0.11318
0.18817 0.11292 0.18677 0.03979 0.09145 0.13496 0.19234 0.21070 0.41748 0.11708 0.00033 0.22268 0.09680 0.02735 0.14088 0.21977 0.20638 0.01658 0.18841 0.17293 0.04042 0.19796 0.20069 0.11993 0.16580 0.16856 0.13884 0.06650 0.14410 0.28419 0.23176 0.18916 0.16807 0.22342 0.03898 0.00208 0.20687 0.22669 0.00020 0.00084 0.17762 0.14258 0.03952 0.16954 0.21988 0.01684 0.00374 0.24378 0.01883 0.08305
0.21585 0.13362 0.20239 0.05617 0.11347 0.15170 0.24803 0.25698 0.49074 0.14044 0.00041 0.23250 0.11417 0.02916 0.17442 0.28788 0.24028 0.02420 0.23955 0.22276 0.04055 0.21426 0.27362 0.14620 0.20086 0.20080 0.18487 0.08129 0.17130 0.36195 0.26481 0.21250 0.18875 0.26475 0.04495 0.00047 0.21855 0.27862 0.00019 0.00090 0.22239 0.17192 0.03584 0.20988 0.24806 0.01909 0.00228 0.31697 0.02203 0.10133
0.19643 0.14466 0.21919 0.05247 0.10993 0.15376 0.24569 0.26082 0.49415 0.13589 0.00026 0.24425 0.12424 0.02666 0.17367 0.29885 0.25934 0.03012 0.24225 0.22655 0.04341 0.22351 0.27029 0.15147 0.22376 0.20577 0.18235 0.08129 0.17802 0.36921 0.26540 0.21025 0.17542 0.28497 0.04074 0.00043 0.24681 0.29045 0.00018 0.00081 0.22843 0.17159 0.03800 0.18344 0.25246 0.01755 0.00354 0.32906 0.01954 0.10890
0.17042 0.12607 0.20344 0.04103 0.09707 0.12559 0.19907 0.19790 0.41519 0.12200 0.00021 0.21477 0.10189 0.01768 0.14033 0.25341 0.22330 0.02328 0.21737 0.19492 0.03888 0.18967 0.22411 0.12658 0.19876 0.18981 0.14808 0.06409 0.15188 0.31924 0.23797 0.16695 0.14758 0.23344 0.03772 0.00032 0.22460 0.25851 0.00021 0.00174 0.20509 0.15317 0.03892 0.15400 0.21772 0.01030 0.00216 0.29451 0.02205 0.09598
0.16505 0.11653 0.14879 0.03454 0.06471 0.12956 0.20383 0.15561 0.43142 0.14690 0.00030 0.20770 0.07041 0.02458 0.14553 0.23277 0.17884 0.01844 0.19120 0.17985 0.02808 0.15049 0.18934 0.11397 0.20136 0.17052 0.12616 0.07871 0.15724 0.25355 0.22570 0.15177 0.13031 0.20279 0.03799 0.00032 0.16884 0.19489 0.00021 0.00083 0.17255 0.13318 0.02537 0.16129 0.18518 0.01739 0.00202 0.23736 0.01573 0.08358
0.16094 0.11801 0.15446 0.04082 0.08435 0.12893 0.19698 0.19336 0.45741 0.11896 0.00014 0.21220 0.10072 0.01449 0.13973 0.22829 0.20915 0.02307 0.17747 0.18702 0.04292 0.17600 0.22664 0.10957 0.16800 0.18298 0.13538 0.06915 0.13616 0.28731 0.24240 0.17408 0.14828 0.23182 0.03824 0.00028 0.18594 0.21654 0.00009 0.00133 0.18096 0.14793 0.02917 0.15604 0.21765 0.01065 0.00297 0.27323 0.02442 0.08509
0.20040 0.12303 0.19959 0.05855 0.09262 0.13159 0.25144 0.23018 0.44890 0.13701 0.00037 0.22762 0.11583 0.02475 0.16450 0.29280 0.23908 0.02241 0.24419 0.24087 0.04906 0.20075 0.26481 0.13491 0.20194 0.19773 0.18004 0.07762 0.18391 0.35020 0.25459 0.18297 0.15922 0.24974 0.03924 0.00048 0.21694 0.28236 0.00019 0.00161 0.23009 0.17285 0.04032 0.17782 0.24471 0.01389 0.00252 0.33825 0.02326 0.11226
0.19072 0.12118 0.18448 0.04937 0.09986 0.16922 0.20617 0.22602 0.46955 0.15120 0.00055 0.22181 0.10813 0.03070 0.18885 0.26989 0.25084 0.02552 0.20771 0.19372 0.04024 0.20153 0.24052 0.15649 0.20432 0.18088 0.16926 0.07293 0.16926 0.32588 0.23136 0.21380 0.17304 0.26976 0.04163 0.00041 0.22408 0.26918 0.00021 0.00280 0.20919 0.15320 0.03186 0.19632 0.21939 0.02283 0.00242 0.28614 0.01613 0.08126
0.18719 0.13756 0.18989 0.04957 0.10677 0.14123 0.20698 0.22197 0.47382 0.13137 0.00032 0.23517 0.10494 0.02109 0.15237 0.25605 0.23745 0.02531 0.19428 0.19786 0.04472 0.20750 0.24501 0.12025 0.19271 0.19521 0.15057 0.06747 0.14870 0.31617 0.25804 0.19337 0.17088 0.25444 0.04083 0.00044 0.22975 0.24794 0.00017 0.00073 0.19881 0.15931 0.02968 0.17361 0.23593 0.01713 0.00515 0.29389 0.02310 0.09402
0.19544 0.13869 0.16072 0.05601 0.09060 0.13343 0.25700 0.21600 0.52317 0.16430 0.00046 0.23578 0.09734 0.03415 0.18597 0.30286 0.22539 0.02645 0.23620 0.23748 0.04330 0.18857 0.26370 0.12697 0.22411 0.20616 0.16216 0.09572 0.19377 0.33746 0.26863 0.18499 0.15647 0.24058 0.03753 0.00055 0.20326 0.24920 0.00023 0.00081 0.21938 0.17089 0.02994 0.18949 0.24135 0.01569 0.00521 0.31413 0.01726 0.10743
0.20961 0.16115 0.20605 0.05746 0.10691 0.16194 0.24895 0.24024 0.57719 0.17169 0.00239 0.25379 0.12033 0.04050 0.20600 0.33140 0.27082 0.02686 0.24261 0.23536 0.05373 0.21217 0.27183 0.16505 0.23341 0.22249 0.18414 0.08966 0.20228 0.35480 0.27304 0.23755 0.18377 0.27395 0.03778 0.00228 0.25125 0.28293 0.00031 0.00107 0.25126 0.18916 0.03570 0.23458 0.26897 0.01864 0.00464 0.33408 0.01887 0.10775
0.15088 0.12888 0.17105 0.03832 0.09452 0.10527 0.17222 0.17862 0.39493 0.11152 0.00025 0.20137 0.07363 0.02295 0.14448 0.22479 0.17546 0.01979 0.17289 0.18416 0.04305 0.17797 0.18988 0.11339 0.19224 0.16955 0.12025 0.07030 0.14170 0.28419 0.21168 0.16386 0.13570 0.23402 0.03564 0.00030 0.19567 0.20988 0.00012 0.00061 0.17626 0.12381 0.02108 0.13048 0.20527 0.01168 0.00187 0.24788 0.01663 0.08714
0.17169 0.10887 0.14894 0.04125 0.06268 0.13881 0.22682 0.17270 0.47462 0.13969 0.00034 0.20983 0.07833 0.02446 0.14342 0.23023 0.18247 0.01994 0.20305 0.19402 0.03072 0.15656 0.21691 0.11429 0.19603 0.18419 0.14263 0.09411 0.15870 0.28578 0.25317 0.15460 0.14094 0.22273 0.03931 0.00032 0.16507 0.18842 0.00024 0.00076 0.18449 0.13848 0.02697 0.16621 0.22085 0.01365 0.00188 0.26359 0.02194 0.09607
0.19939 0.14091 0.18940 0.04389 0.08937 0.14345 0.23133 0.20680 0.46848 0.14286 0.00035 0.22981 0.10574 0.03277 0.16257 0.27556 0.22630 0.02125 0.24018 0.21215 0.03277 0.19166 0.23189 0.14745 0.18958 0.19846 0.17216 0.07662 0.17900 0.30550 0.24050 0.19684 0.16964 0.23779 0.03463 0.00059 0.20978 0.27116 0.00029 0.00097 0.21778 0.17162 0.03855 0.20698 0.23154 0.01446 0.00205 0.29872 0.01956 0.09695
0.19599 0.13949 0.20282 0.05562 0.11246 0.17889 0.23394 0.23774 0.51617 0.17027 0.00051 0.23288 0.12245 0.03772 0.19502 0.34732 0.29758 0.03174 0.24974 0.22208 0.04663 0.20121 0.28485 0.18121 0.23958 0.18848 0.20029 0.07889 0.20726 0.36920 0.23298 0.24893 0.16187 0.25018 0.03249 0.00059 0.27931 0.30606 0.00021 0.00201 0.26429 0.18585 0.02973 0.23011 0.22661 0.01464 0.00714 0.34465 0.01649 0.09942
0.21403 0.13622 0.19174 0.04635 0.10795 0.15138 0.24871 0.25786 0.49023 0.13925 0.00030 0.23347 0.11908 0.02941 0.17126 0.28832 0.23698 0.02476 0.22737 0.21720 0.04226 0.20990 0.26120 0.13691 0.18625 0.20467 0.16981 0.08116 0.16394 0.32553 0.27312 0.20525 0.18081 0.25989 0.04176 0.00044 0.22402 0.26795 0.00021 0.00141 0.20540 0.16806 0.03174 0.20166 0.24252 0.02057 0.00472 0.31083 0.02091 0.10654
0.18651 0.11241 0.18218 0.05536 0.09613 0.12334 0.21015 0.21094 0.43040 0.12762 0.00022 0.21640 0.10275 0.01984 0.15732 0.26521 0.21948 0.02160 0.20998 0.20032 0.04503 0.19271 0.22831 0.13542 0.19200 0.17166 0.16379 0.06760 0.16258 0.32802 0.23061 0.19501 0.15027 0.23699 0.03438 0.00039 0.20463 0.25198 0.00012 0.00102 0.20789 0.14727 0.03983 0.16940 0.22925 0.01553 0.00206 0.30275 0.01619 0.08944
0.21916 0.13679 0.22427 0.03869 0.13143 0.17166 0.19579 0.25568 0.46823 0.13717 0.00030 0.23788 0.10345 0.03060 0.17095 0.29028 0.24613 0.02418 0.19801 0.19601 0.04633 0.23505 0.22258 0.15674 0.21334 0.18782 0.15641 0.05950 0.14928 0.32108 0.24158 0.24175 0.18276 0.26299 0.04236 0.00047 0.27074 0.27544 0.00019 0.00074 0.21337 0.15809 0.03545 0.20621 0.22866 0.01556 0.00226 0.27012 0.01883 0.10091
0.23621 0.16345 0.23303 0.05431 0.13173 0.19619 0.23774 0.27001 0.55753 0.16541 0.00235 0.27924 0.13623 0.04019 0.21235 0.34784 0.31218 0.03329 0.22556 0.22081 0.05656 0.23911 0.28094 0.17130 0.23265 0.20697 0.19055 0.08474 0.20331 0.36373 0.26913 0.26551 0.18749 0.29338 0.03950 0.00128 0.30168 0.31475 0.00035 0.00141 0.23678 0.18291 0.03384 0.23867 0.25701 0.01956 0.00821 0.33420 0.02161 0.10950
0.17530 0.13774 0.17887 0.03775 0.08642 0.13214 0.19150 0.19253 0.44342 0.12460 0.00041 0.21721 0.09665 0.03312 0.14877 0.24919 0.19500 0.01855 0.19250 0.18549 0.03985 0.18105 0.19429 0.12284 0.18260 0.18715 0.12865 0.06752 0.14307 0.27177 0.24165 0.17189 0.15502 0.21661 0.03528 0.00055 0.20486 0.21886 0.00023 0.00088 0.17567 0.14609 0.03360 0.17340 0.21272 0.01352 0.00278 0.23722 0.02033 0.08562
0.19243 0.14337 0.20663 0.04113 0.11053 0.15787 0.21772 0.24248 0.50202 0.13011 0.00028 0.25339 0.11513 0.02554 0.15605 0.27021 0.24893 0.02340 0.24267 0.20732 0.03874 0.22363 0.25726 0.13408 0.18858 0.21732 0.17069 0.07776 0.15388 0.33467 0.28151 0.20383 0.18774 0.26937 0.04181 0.00034 0.24407 0.27247 0.00024 0.00090 0.20791 0.17577 0.03979 0.18813 0.25677 0.01582 0.00305 0.31540 0.02638 0.10161
0.13304 0.14053 0.14087 0.03707 0.07202 0.11911 0.18135 0.13043 0.47793 0.12963 0.00324 0.21128 0.06649 0.03768 0.15409 0.22997 0.16100 0.01898 0.19135 0.16833 0.03102 0.14768 0.17985 0.10229 0.20889 0.18862 0.12139 0.09510 0.14815 0.25082 0.23215 0.14627 0.12767 0.21755 0.03423 0.00139 0.16442 0.15926 0.00031 0.00066 0.15581 0.13616 0.01960 0.15905 0.20082 0.01036 0.00473 0.22343 0.01889 0.08343
0.16281 0.12577 0.16345 0.04623 0.07784 0.14252 0.20799 0.18169 0.49262 0.15287 0.00042 0.21108 0.09718 0.02723 0.15320 0.25930 0.23247 0.02476 0.22106 0.18996 0.03856 0.16529 0.23820 0.12823 0.20351 0.18843 0.15337 0.08551 0.16481 0.29586 0.23685 0.17599 0.13517 0.23097 0.03298 0.00043 0.19008 0.22076 0.00025 0.00069 0.20892 0.15640 0.02937 0.18609 0.21889 0.01030 0.00281 0.28051 0.01905 0.08018
0.17850 0.12142 0.16813 0.05028 0.09482 0.13590 0.19551 0.21688 0.41537 0.15234 0.00047 0.19048 0.11043 0.03160 0.16651 0.29111 0.26013 0.03772 0.21153 0.20294 0.04203 0.17275 0.24964 0.14212 0.18481 0.16088 0.17251 0.06897 0.17287 0.31025 0.18544 0.20104 0.15427 0.20639 0.02331 0.00066 0.22660 0.29100 0.00021 0.00069 0.24114 0.16317 0.02980 0.20286 0.19324 0.01309 0.00432 0.30933 0.01232 0.08540
0.20161 0.13454 0.18485 0.04987 0.09992 0.15411 0.23946 0.22168 0.46971 0.16478 0.00036 0.20775 0.12139 0.03318 0.18219 0.32803 0.27189 0.03063 0.26251 0.21619 0.03833 0.18190 0.26043 0.16195 0.20585 0.19326 0.20992 0.07850 0.18625 0.34295 0.23694 0.22146 0.16322 0.23340 0.03017 0.00161 0.24188 0.31571 0.00019 0.00223 0.24972 0.18758 0.04488 0.22321 0.21987 0.02073 0.00464 0.35891 0.01609 0.09582
0.20345 0.13269 0.19466 0.04465 0.09433 0.14416 0.22215 0.21162 0.45481 0.13807 0.00034 0.21966 0.09575 0.03039 0.16465 0.26954 0.24077 0.02322 0.20875 0.19033 0.04073 0.18830 0.22410 0.13668 0.19152 0.18540 0.17909 0.07210 0.16619 0.29529 0.23104 0.20760 0.16783 0.23604 0.02903 0.00187 0.22800 0.25743 0.00023 0.00137 0.20812 0.15672 0.04084 0.20328 0.22488 0.01479 0.00326 0.29566 0.01509 0.09866
0.14855 0.09773 0.14890 0.04176 0.06505 0.10129 0.18930 0.16016 0.37007 0.11018 0.00031 0.19059 0.08285 0.02228 0.11627 0.20793 0.15783 0.01360 0.18838 0.17721 0.02315 0.15157 0.18279 0.09520 0.16637 0.16414 0.12157 0.06215 0.12882 0.25149 0.21787 0.13327 0.12348 0.17829 0.03409 0.00030 0.15032 0.19286 0.00029 0.00072 0.14927 0.12693 0.03525 0.13878 0.18271 0.01298 0.00173 0.22855 0.01892 0.07999
0.19921 0.14943 0.20956 0.05043 0.09337 0.14642 0.24364 0.20452 0.54231 0.15967 0.00044 0.24783 0.10229 0.03306 0.18370 0.29782 0.23542 0.02053 0.24934 0.22984 0.04820 0.19901 0.25092 0.15471 0.24475 0.21926 0.18992 0.09664 0.19422 0.34819 0.26137 0.21214 0.16947 0.26204 0.03135 0.00067 0.22535 0.25879 0.00143 0.00114 0.23639 0.18014 0.03883 0.21200 0.25376 0.01823 0.00227 0.32661 0.01802 0.10690
0.19445 0.10927 0.18130 0.04858 0.09220 0.13707 0.20867 0.22755 0.37821 0.11810 0.00024 0.20457 0.11230 0.02117 0.13762 0.24763 0.22064 0.01951 0.19652 0.17816 0.04087 0.19162 0.22092 0.12894 0.15487 0.17079 0.16464 0.05953 0.13701 0.26710 0.21997 0.17600 0.15611 0.21293 0.03486 0.00033 0.21085 0.25027 0.00023 0.00264 0.18273 0.15416 0.03471 0.17571 0.18919 0.01648 0.00179 0.27549 0.01898 0.09396
0.18152 0.12087 0.18796 0.04054 0.09387 0.11879 0.21331 0.21800 0.42191 0.13201 0.00038 0.21956 0.10021 0.03139 0.15448 0.25517 0.20428 0.02036 0.22030 0.22026 0.04065 0.18824 0.23038 0.13933 0.19641 0.19241 0.13879 0.06160 0.17421 0.31389 0.22469 0.18075 0.15847 0.21626 0.03740 0.00057 0.20373 0.26574 0.00031 0.00085 0.21111 0.15965 0.03731 0.17283 0.21696 0.01462 0.00210 0.27512 0.01513 0.08789
0.19617 0.13566 0.19791 0.04283 0.10532 0.14805 0.20124 0.23379 0.45463 0.13377 0.00028 0.23339 0.10548 0.03180 0.17140 0.27834 0.23771 0.03062 0.20912 0.20933 0.04550 0.21980 0.23867 0.13993 0.19566 0.18137 0.16177 0.06495 0.16773 0.32486 0.23664 0.21048 0.18043 0.23936 0.03808 0.00081 0.24519 0.27344 0.00017 0.00073 0.21853 0.16805 0.02995 0.19389 0.23508 0.01560 0.00442 0.27349 0.01939 0.09389
0.21908 0.16093 0.22875 0.05031 0.11591 0.17396 0.25372 0.25123 0.54074 0.14849 0.00042 0.28482 0.11655 0.03875 0.19356 0.30014 0.26554 0.02539 0.24835 0.23031 0.04778 0.23200 0.25808 0.15224 0.22880 0.22950 0.18559 0.08407 0.19365 0.35081 0.29176 0.22811 0.20227 0.29472 0.04939 0.00050 0.26124 0.29085 0.00029 0.00388 0.22013 0.18173 0.04461 0.22021 0.26257 0.01962 0.00318 0.31420 0.02944 0.10679
0.19305 0.12896 0.19964 0.04347 0.10312 0.13151 0.22574 0.23446 0.42166 0.13051 0.00041 0.23397 0.11935 0.02684 0.14058 0.26254 0.23307 0.02571 0.21654 0.22553 0.03630 0.20727 0.24297 0.12134 0.18058 0.19775 0.14440 0.05978 0.15030 0.32272 0.26058 0.17436 0.16625 0.23492 0.03816 0.00045 0.23609 0.29295 0.00025 0.00078 0.19977 0.16038 0.04148 0.15888 0.22320 0.01503 0.00369 0.29502 0.02475 0.10011
0.20050 0.13863 0.20430 0.04491 0.09802 0.14381 0.25168 0.24227 0.47613 0.14049 0.00038 0.23736 0.11060 0.03372 0.16321 0.27689 0.23774 0.03061 0.23083 0.22924 0.04587 0.20383 0.25654 0.13585 0.19778 0.20971 0.16192 0.08421 0.18071 0.33483 0.26518 0.19406 0.18252 0.25132 0.04835 0.00176 0.23409 0.27861 0.00022 0.00090 0.23020 0.17515 0.04159 0.19229 0.24889 0.01476 0.00265 0.32061 0.02377 0.11000
0.19565 0.14952 0.20856 0.04615 0.11015 0.14893 0.23965 0.24881 0.47315 0.15984 0.00032 0.23059 0.10764 0.03719 0.18269 0.31104 0.25365 0.03392 0.24817 0.24391 0.04020 0.20592 0.26656 0.15722 0.23475 0.20397 0.17020 0.08380 0.19645 0.37150 0.24550 0.21161 0.17871 0.25190 0.03776 0.00054 0.25472 0.31189 0.00027 0.00094 0.25311 0.16793 0.03789 0.19417 0.22956 0.01454 0.00410 0.32433 0.01831 0.09836
0.16448 0.12570 0.13506 0.03299 0.08548 0.11231 0.16558 0.17300 0.38525 0.11068 0.00031 0.18275 0.08646 0.03099 0.13083 0.23479 0.17092 0.01880 0.15993 0.15424 0.03075 0.15723 0.17345 0.09891 0.13784 0.16052 0.11983 0.05556 0.11263 0.21627 0.20725 0.16249 0.13321 0.17366 0.02480 0.00038 0.17462 0.19528 0.00014 0.00048 0.14245 0.13594 0.02521 0.16662 0.16945 0.01247 0.00341 0.19961 0.01506 0.07491
0.17887 0.12156 0.18255 0.04302 0.08544 0.14209 0.21812 0.21746 0.44532 0.13990 0.00049 0.22267 0.11088 0.02906 0.14758 0.25895 0.23035 0.02497 0.19979 0.19928 0.04007 0.18111 0.23605 0.14120 0.19258 0.18268 0.14234 0.06425 0.16298 0.29899 0.23275 0.17575 0.14358 0.22914 0.04025 0.00048 0.22297 0.25795 0.00022 0.00085 0.20859 0.15038 0.03021 0.16480 0.21264 0.01336 0.00401 0.27951 0.02293 0.08846
0.18001 0.12388 0.17685 0.03923 0.09914 0.16129 0.17495 0.20997 0.44054 0.12954 0.00033 0.20646 0.09547 0.02583 0.16541 0.26032 0.22810 0.02170 0.16752 0.15440 0.04580 0.18746 0.20133 0.12579 0.17430 0.15898 0.14758 0.06434 0.13797 0.27928 0.22275 0.20586 0.16183 0.22621 0.03637 0.00051 0.23653 0.22245 0.00012 0.00067 0.17857 0.13878 0.02739 0.18296 0.19786 0.01760 0.00635 0.23765 0.01845 0.07824
0.18744 0.13614 0.18994 0.05270 0.09175 0.13122 0.22511 0.19935 0.48502 0.14254 0.00047 0.22066 0.09794 0.02724 0.16116 0.27429 0.22710 0.01950 0.24061 0.21252 0.04028 0.18709 0.24590 0.12594 0.20736 0.20117 0.18787 0.08532 0.16356 0.32649 0.25161 0.18848 0.15784 0.24549 0.02946 0.00051 0.20744 0.25163 0.00161 0.00172 0.21384 0.16926 0.04258 0.19130 0.24253 0.01439 0.00202 0.32209 0.01728 0.10310
0.19609 0.13821 0.18068 0.04957 0.09587 0.14854 0.24819 0.20707 0.51907 0.16245 0.00028 0.23449 0.09598 0.02689 0.19064 0.31128 0.22670 0.02572 0.23230 0.21730 0.03523 0.19147 0.24578 0.14417 0.24389 0.19948 0.16862 0.09441 0.19047 0.35328 0.27302 0.21280 0.15601 0.25384 0.03479 0.00039 0.22342 0.25791 0.00017 0.00090 0.21165 0.15880 0.03084 0.18974 0.23488 0.02121 0.00578 0.32121 0.01524 0.10245
0.22881 0.14850 0.22999 0.05244 0.11879 0.18679 0.26090 0.27682 0.55302 0.15733 0.00027 0.27525 0.12094 0.03219 0.18428 0.29513 0.29409 0.02615 0.24567 0.22164 0.04679 0.23796 0.27631 0.16258 0.22335 0.21975 0.18595 0.08190 0.18778 0.36328 0.27971 0.23994 0.20666 0.30477 0.04404 0.00053 0.26492 0.30522 0.00020 0.00102 0.23244 0.17799 0.04528 0.22439 0.27377 0.01871 0.00372 0.33033 0.02354 0.10300
0.18588 0.12923 0.20220 0.04700 0.09825 0.13843 0.20206 0.21153 0.49285 0.13996 0.00034 0.23520 0.09144 0.03112 0.16553 0.26633 0.22389 0.02120 0.21719 0.19721 0.05221 0.20379 0.22781 0.13728 0.21952 0.18432 0.15822 0.07949 0.17417 0.32709 0.23934 0.19718 0.15858 0.24929 0.03916 0.00086 0.22228 0.22156 0.00022 0.00068 0.22586 0.15680 0.02932 0.18325 0.25000 0.01009 0.00235 0.28011 0.02034 0.10197
0.20312 0.12407 0.17533 0.05342 0.08344 0.12335 0.24710 0.21495 0.47778 0.13954 0.00034 0.22790 0.09631 0.02621 0.16118 0.25721 0.20919 0.01768 0.21176 0.20384 0.03804 0.18940 0.23934 0.11808 0.18494 0.19305 0.16309 0.08486 0.16195 0.31703 0.26697 0.18188 0.17143 0.23750 0.03711 0.00188 0.19041 0.23244 0.00014 0.00071 0.19374 0.15550 0.03537 0.17785 0.25237 0.02208 0.00262 0.30626 0.02159 0.09710
0.20747 0.13329 0.19459 0.05875 0.11054 0.14661 0.24103 0.24996 0.50793 0.14741 0.00037 0.23027 0.11606 0.02341 0.17618 0.30331 0.26199 0.02765 0.24402 0.23286 0.05360 0.21947 0.27787 0.14227 0.21611 0.20027 0.19824 0.08390 0.17896 0.36249 0.25887 0.21284 0.16864 0.26514 0.03605 0.00048 0.23623 0.28485 0.00025 0.00147 0.24354 0.18383 0.03425 0.19735 0.25763 0.01504 0.00326 0.35253 0.01849 0.11510
0.21014 0.14301 0.21269 0.05775 0.10507 0.14931 0.26389 0.25265 0.49078 0.16396 0.00252 0.25814 0.12397 0.03889 0.18535 0.33179 0.26705 0.02607 0.27626 0.27757 0.05139 0.21658 0.29706 0.15422 0.22755 0.22397 0.18739 0.07749 0.20908 0.38287 0.26985 0.20018 0.17878 0.25919 0.03816 0.00122 0.25811 0.33373 0.00135 0.00119 0.26830 0.20465 0.04426 0.19900 0.25227 0.01761 0.00461 0.36239 0.02544 0.11764
0.22527 0.16523 0.21918 0.04719 0.11629 0.15824 0.25322 0.25572 0.52084 0.16013 0.00040 0.26735 0.10982 0.03786 0.19103 0.32013 0.26695 0.03240 0.23787 0.23198 0.04452 0.21790 0.25715 0.15142 0.22531 0.20883 0.17599 0.08302 0.19656 0.34023 0.26613 0.23341 0.19226 0.27178 0.04224 0.00162 0.26142 0.30687 0.00019 0.00093 0.23589 0.18752 0.04161 0.21991 0.24912 0.01754 0.00455 0.32668 0.01675 0.11133
0.20663 0.13513 0.19984 0.05421 0.10658 0.15214 0.25463 0.25954 0.50116 0.16219 0.00061 0.25224 0.13157 0.03286 0.18187 0.30341 0.26802 0.03372 0.26731 0.26983 0.04723 0.22841 0.29714 0.15090 0.21895 0.21618 0.17781 0.08372 0.19400 0.38021 0.27716 0.19696 0.18658 0.27219 0.04466 0.00044 0.24360 0.32196 0.00022 0.00093 0.25276 0.19610 0.03693 0.19381 0.25649 0.02228 0.00591 0.34763 0.02230 0.11668
0.21579 0.14305 0.23133 0.04279 0.12089 0.17053 0.21613 0.25547 0.49677 0.13911 0.00040 0.25203 0.11786 0.03199 0.16965 0.29655 0.26902 0.02664 0.22991 0.20505 0.05060 0.23656 0.25066 0.14943 0.20157 0.20515 0.18673 0.06601 0.16915 0.33553 0.26387 0.23356 0.19121 0.26587 0.04884 0.00057 0.27957 0.28369 0.00132 0.00097 0.22483 0.18042 0.04053 0.21290 0.25464 0.01587 0.00598 0.32456 0.01998 0.10884
0.19267 0.13018 0.20806 0.04976 0.09572 0.13749 0.23682 0.24019 0.45605 0.12551 0.00036 0.23520 0.11368 0.02363 0.15855 0.26856 0.24016 0.02148 0.21874 0.22431 0.04410 0.21325 0.25045 0.13447 0.19889 0.19707 0.17758 0.07311 0.17026 0.33229 0.25376 0.19472 0.15765 0.27172 0.03948 0.00044 0.21862 0.26154 0.00027 0.00082 0.21114 0.15779 0.03508 0.16492 0.24593 0.01255 0.00213 0.31848 0.02383 0.11366
0.19218 0.12770 0.18837 0.06199 0.10171 0.12492 0.24167 0.24185 0.46496 0.13903 0.00035 0.23645 0.11246 0.02403 0.17238 0.28128 0.23925 0.02315 0.23081 0.23289 0.05175 0.21912 0.27146 0.14709 0.20191 0.20135 0.18605 0.07151 0.17120 0.35717 0.25983 0.19670 0.16584 0.26238 0.03815 0.00049 0.21349 0.27479 0.00026 0.00222 0.23783 0.18012 0.03392 0.17177 0.24619 0.01496 0.00270 0.33911 0.01917 0.10447
0.18648 0.14076 0.19098 0.04995 0.09730 0.13824 0.24675 0.24258 0.49743 0.14869 0.00059 0.24055 0.11816 0.03726 0.17388 0.29232 0.23586 0.02855 0.24072 0.24021 0.04563 0.20492 0.26784 0.15044 0.20812 0.21612 0.16526 0.07984 0.18464 0.34717 0.26658 0.19278 0.17394 0.24759 0.04110 0.00054 0.21933 0.27918 0.00023 0.00091 0.23947 0.18030 0.03623 0.18857 0.24145 0.01254 0.00360 0.32119 0.02362 0.10011
0.20764 0.15364 0.21801 0.05222 0.10737 0.12642 0.24706 0.23698 0.46228 0.13723 0.00042 0.25307 0.11554 0.03265 0.16193 0.29828 0.22143 0.02195 0.24924 0.22631 0.03361 0.21500 0.24418 0.13223 0.20433 0.21985 0.17554 0.07744 0.16564 0.33641 0.28722 0.19350 0.17482 0.24693 0.04134 0.00049 0.23178 0.28542 0.00029 0.00091 0.20303 0.17455 0.05041 0.18340 0.24030 0.01672 0.00335 0.32323 0.02313 0.11134
0.20177 0.15328 0.21214 0.04397 0.10887 0.16529 0.24367 0.24552 0.53712 0.15995 0.00063 0.26675 0.11566 0.04250 0.19645 0.30499 0.25211 0.02924 0.22930 0.22194 0.04235 0.21432 0.25503 0.16265 0.23106 0.21787 0.15571 0.08865 0.20250 0.34536 0.27367 0.23135 0.18334 0.26370 0.04221 0.00070 0.24748 0.26647 0.00027 0.00095 0.22451 0.16827 0.03446 0.21204 0.24436 0.01531 0.00783 0.29190 0.02119 0.09452
