0.09643 0.02033 0.09684 0.02622 0.02031 0.00000 0.06015 0.05712 0.04957 0.04199 0.00000 0.08305 0.03277 0.00000 0.00000 0.00000 0.01522 0.02275 0.05624 0.02872 0.00000 0.00563 0.03581 0.00000 0.03110 0.03469 0.04326 0.03374 0.02470 0.00000 0.06335 0.00000 0.01296 0.03383 0.09142 0.02894 0.03089 0.00000 0.01145 0.00000 0.00000 0.02791 0.02288 0.00000 0.06731 0.08179 0.00000 0.04170 0.06213 0.02302
0.00000 0.09805 0.13612 0.04636 0.01699 0.03372 0.00054 0.00000 0.11897 0.00000 0.00000 0.07792 0.00000 0.00744 0.03608 0.00000 0.08359 0.00199 0.00000 0.06044 0.01696 0.08866 0.00000 0.00000 0.11006 0.00308 0.06561 0.05199 0.01516 0.01232 0.00174 0.03357 0.00606 0.17888 0.07444 0.00000 0.11130 0.00000 0.00000 0.00000 0.02022 0.00000 0.00921 0.04863 0.04649 0.03884 0.00705 0.04954 0.04568 0.05641
0.05003 0.00000 0.01565 0.02550 0.06961 0.10748 0.00000 0.08418 0.00000 0.05520 0.00223 0.00000 0.00000 0.04042 0.00697 0.00000 0.00000 0.04310 0.07083 0.00000 0.00000 0.00476 0.02701 0.02999 0.05859 0.00000 0.09099 0.00089 0.00000 0.00675 0.02105 0.03377 0.00000 0.00000 0.03349 0.00000 0.05991 0.00000 0.03725 0.00000 0.09824 0.00000 0.00179 0.03680 0.00000 0.01773 0.00618 0.00000 0.00000 0.02340
0.09099 0.00000 0.07444 0.00900 0.09229 0.04041 0.06645 0.07696 0.02441 0.02076 0.00000 0.07918 0.03489 0.00000 0.03117 0.06053 0.01025 0.06451 0.03492 0.03630 0.00828 0.06797 0.03033 0.01610 0.05194 0.02950 0.00569 0.00000 0.08814 0.06246 0.09127 0.05923 0.03816 0.00346 0.05832 0.00000 0.10014 0.03153 0.01773 0.00000 0.01028 0.00000 0.06207 0.05749 0.00000 0.00000 0.04539 0.08149 0.01779 0.14111
0.05791 0.00000 0.00000 0.01933 0.00000 0.00000 0.13542 0.00000 0.07047 0.05510 0.00000 0.00240 0.00000 0.02829 0.04454 0.00000 0.00000 0.00000 0.14095 0.01378 0.02844 0.03027 0.01346 0.00000 0.07965 0.03427 0.12036 0.08981 0.04850 0.06677 0.04946 0.00000 0.01098 0.00495 0.00000 0.00000 0.01476 0.00296 0.01449 0.00000 0.00707 0.01685 0.02520 0.00000 0.08151 0.00000 0.03137 0.12738 0.00000 0.09186
0.01836 0.05577 0.01497 0.03133 0.00063 0.01200 0.01815 0.02847 0.00000 0.03089 0.00000 0.00521 0.00141 0.02980 0.00000 0.04895 0.03260 0.06427 0.06878 0.05558 0.03245 0.00699 0.02919 0.01627 0.04218 0.03015 0.03221 0.02051 0.00000 0.04349 0.05077 0.01544 0.00028 0.00000 0.01328 0.00000 0.05663 0.06123 0.01305 0.00000 0.10224 0.11410 0.02650 0.00001 0.01846 0.00000 0.03999 0.02877 0.02999 0.00000
0.03308 0.00108 0.03757 0.03716 0.00841 0.00000 0.02287 0.03515 0.00000 0.04987 0.00000 0.00000 0.07929 0.00000 0.03977 0.02778 0.05930 0.02136 0.02575 0.00961 0.10072 0.04533 0.02844 0.04874 0.00000 0.05279 0.04842 0.03308 0.06269 0.04106 0.00634 0.04718 0.00751 0.05700 0.03139 0.00795 0.01845 0.03280 0.03737 0.00000 0.02709 0.02972 0.00000 0.00000 0.00000 0.00000 0.01034 0.05585 0.00000 0.02976
0.04996 0.00980 0.12071 0.00000 0.00000 0.01653 0.00000 0.00000 0.00636 0.02880 0.00000 0.07620 0.00467 0.02336 0.01429 0.02684 0.00000 0.00000 0.08932 0.02612 0.00000 0.02529 0.00000 0.01475 0.08223 0.03833 0.10652 0.02612 0.05219 0.06215 0.02616 0.02512 0.08253 0.00000 0.00959 0.06052 0.09740 0.00000 0.00000 0.00000 0.07491 0.06075 0.00000 0.05432 0.10953 0.03779 0.00000 0.03705 0.02984 0.00515
0.00673 0.04831 0.06112 0.05627 0.00000 0.00852 0.04137 0.06972 0.13678 0.00000 0.00000 0.00000 0.03492 0.00000 0.00000 0.08005 0.13556 0.00000 0.00000 0.00000 0.02043 0.00000 0.05987 0.01591 0.00540 0.02244 0.06946 0.03887 0.00000 0.05331 0.06755 0.08162 0.00000 0.02538 0.02475 0.00000 0.06842 0.02124 0.01647 0.00000 0.00429 0.00291 0.00000 0.00000 0.06447 0.00000 0.02512 0.02505 0.00000 0.05156
0.00000 0.10499 0.03080 0.00641 0.07226 0.06430 0.05055 0.00000 0.07912 0.00000 0.00000 0.05763 0.00636 0.00959 0.00000 0.00500 0.00000 0.01213 0.09400 0.02368 0.02147 0.07191 0.06204 0.03024 0.00925 0.13283 0.08343 0.01385 0.02888 0.00000 0.07446 0.00253 0.06886 0.03736 0.03052 0.00489 0.00000 0.01474 0.01481 0.00000 0.00000 0.11474 0.00000 0.04352 0.00000 0.02719 0.00000 0.04515 0.07158 0.01465
0.05721 0.03717 0.02588 0.02732 0.05589 0.00831 0.00000 0.11957 0.00000 0.08791 0.03419 0.01972 0.05683 0.01149 0.08170 0.03355 0.13084 0.04437 0.00000 0.00000 0.08717 0.08356 0.06276 0.00941 0.00906 0.03585 0.00000 0.00000 0.00121 0.02644 0.02458 0.02163 0.04308 0.03661 0.00000 0.01367 0.11602 0.11114 0.00335 0.00000 0.03276 0.02037 0.00000 0.03369 0.00000 0.00698 0.01745 0.04710 0.00000 0.00710
0.02532 0.00000 0.01691 0.03051 0.02073 0.01095 0.03946 0.01156 0.02117 0.03253 0.00466 0.04399 0.00000 0.03593 0.00685 0.00081 0.01508 0.00943 0.02379 0.03617 0.01467 0.01651 0.06201 0.00814 0.01602 0.00000 0.02351 0.00810 0.01587 0.01449 0.02097 0.02543 0.01576 0.00997 0.01728 0.00000 0.00000 0.02285 0.01947 0.00000 0.03244 0.01058 0.00245 0.02919 0.01686 0.00336 0.00634 0.02967 0.02844 0.02369
0.05983 0.00000 0.00680 0.00000 0.04138 0.00000 0.00404 0.01234 0.02231 0.02637 0.00826 0.03425 0.06243 0.00000 0.00000 0.00464 0.00000 0.04355 0.00513 0.00562 0.03634 0.01862 0.02412 0.00738 0.00000 0.02656 0.03651 0.07351 0.00000 0.00000 0.00000 0.01994 0.04059 0.03386 0.01094 0.01761 0.00000 0.07461 0.00912 0.00000 0.02462 0.05599 0.05466 0.02670 0.03888 0.04255 0.03015 0.01673 0.02101 0.01993
0.01124 0.07886 0.00000 0.00000 0.00851 0.00000 0.00000 0.02869 0.06092 0.05290 0.09902 0.03238 0.01251 0.04057 0.07587 0.06133 0.02901 0.04773 0.01703 0.03812 0.08602 0.00000 0.00000 0.00000 0.00000 0.11236 0.00000 0.03586 0.04746 0.00000 0.00000 0.00000 0.03879 0.00554 0.00000 0.03034 0.03419 0.08404 0.00000 0.00000 0.00000 0.05868 0.03184 0.10925 0.01799 0.00000 0.07667 0.00000 0.00724 0.01497
0.02063 0.00000 0.00000 0.06523 0.01324 0.04052 0.02454 0.05434 0.04393 0.04051 0.00000 0.02000 0.04643 0.00616 0.05280 0.01060 0.05328 0.01721 0.01520 0.00000 0.02380 0.00901 0.01860 0.02044 0.00141 0.10426 0.06694 0.00000 0.04670 0.01466 0.03834 0.04672 0.02068 0.02006 0.02123 0.04105 0.02023 0.00000 0.03845 0.00000 0.01532 0.00735 0.00093 0.02063 0.00000 0.00230 0.01601 0.04857 0.00768 0.00000
0.02501 0.01324 0.00000 0.00000 0.06463 0.00000 0.03699 0.01624 0.02686 0.01270 0.00000 0.06211 0.00000 0.00000 0.04425 0.01392 0.00000 0.02860 0.07732 0.01419 0.00000 0.04991 0.04293 0.05192 0.02277 0.00000 0.01885 0.08715 0.02820 0.00000 0.00262 0.00738 0.04075 0.02848 0.00000 0.00000 0.00000 0.00000 0.00499 0.00000 0.00290 0.05942 0.07865 0.00896 0.04419 0.03660 0.04034 0.05915 0.05729 0.08463
0.00000 0.08430 0.11670 0.03394 0.00474 0.02198 0.06382 0.04920 0.00000 0.00000 0.00000 0.00000 0.01169 0.03377 0.00426 0.03139 0.08484 0.01644 0.07919 0.03722 0.00000 0.00146 0.04850 0.00000 0.07040 0.03882 0.06519 0.01711 0.04464 0.03094 0.01365 0.00000 0.01659 0.07628 0.05952 0.00000 0.04196 0.03337 0.00865 0.00000 0.00000 0.00000 0.00000 0.00547 0.01499 0.04532 0.00000 0.00000 0.03204 0.04068
0.01992 0.02668 0.02670 0.02551 0.00000 0.01980 0.02065 0.00000 0.01914 0.05175 0.04673 0.00000 0.03591 0.02191 0.01095 0.07319 0.01170 0.03266 0.04373 0.00102 0.02660 0.00000 0.02463 0.04299 0.03609 0.02182 0.02811 0.01001 0.02452 0.00181 0.02019 0.00000 0.01033 0.00000 0.01139 0.02090 0.00886 0.04306 0.02930 0.00000 0.03023 0.03944 0.02747 0.07587 0.00000 0.00000 0.00299 0.00193 0.02766 0.03743
0.02877 0.00000 0.03932 0.09741 0.00000 0.11289 0.04519 0.00543 0.00000 0.08373 0.00000 0.00000 0.01314 0.00000 0.11583 0.07304 0.03550 0.00000 0.05187 0.00000 0.00000 0.00319 0.00000 0.06140 0.00000 0.03587 0.16368 0.01181 0.00000 0.04524 0.08818 0.00000 0.08463 0.08740 0.04997 0.00000 0.08932 0.04321 0.01075 0.00000 0.00000 0.00063 0.03460 0.06261 0.03566 0.03179 0.01270 0.00000 0.01375 0.00000
0.00000 0.00000 0.01721 0.04112 0.08959 0.00578 0.00000 0.08168 0.00000 0.00584 0.00000 0.01176 0.10085 0.00000 0.04280 0.04224 0.01045 0.07240 0.08439 0.09097 0.04208 0.11736 0.10783 0.06508 0.00000 0.01697 0.00000 0.00000 0.05855 0.11470 0.00000 0.07348 0.02579 0.00000 0.02412 0.02607 0.06175 0.07103 0.00488 0.00000 0.03545 0.06091 0.05285 0.00000 0.01142 0.00469 0.03177 0.03502 0.00000 0.05095
0.00000 0.00000 0.06166 0.00068 0.01810 0.04010 0.02809 0.02008 0.00000 0.03985 0.00000 0.04481 0.03335 0.00000 0.02035 0.00930 0.03116 0.04422 0.04410 0.00000 0.01568 0.01934 0.02227 0.02230 0.00472 0.00000 0.06003 0.01039 0.03838 0.01503 0.03468 0.06282 0.00000 0.01568 0.04205 0.00996 0.03440 0.02169 0.00192 0.00000 0.00641 0.00938 0.02394 0.00000 0.00000 0.02815 0.02680 0.03987 0.00969 0.00000
0.00000 0.09096 0.01295 0.03117 0.03871 0.03956 0.08018 0.00000 0.00357 0.00000 0.00000 0.00459 0.00000 0.01945 0.00923 0.00000 0.13802 0.06707 0.06709 0.09006 0.00000 0.02985 0.00000 0.00000 0.04118 0.13636 0.04666 0.03644 0.02751 0.00454 0.05418 0.04926 0.05829 0.08550 0.00000 0.01198 0.07252 0.12628 0.00000 0.00000 0.03957 0.06939 0.08151 0.07657 0.00000 0.01148 0.02865 0.08898 0.03841 0.00000
0.07100 0.07003 0.03323 0.02872 0.01681 0.00000 0.02859 0.10764 0.00000 0.05047 0.01711 0.00000 0.04356 0.05367 0.01729 0.02385 0.03867 0.08435 0.00000 0.16142 0.08420 0.04423 0.08730 0.00000 0.05219 0.05159 0.00000 0.03736 0.07658 0.08550 0.00000 0.00121 0.02132 0.00311 0.02587 0.00000 0.09718 0.10829 0.00142 0.00000 0.04193 0.00326 0.00704 0.00000 0.08777 0.01940 0.01059 0.05238 0.00756 0.05315
0.00000 0.10226 0.05540 0.00000 0.00000 0.00000 0.04224 0.00000 0.01595 0.04045 0.02042 0.05401 0.00000 0.00000 0.06201 0.08494 0.03662 0.01327 0.08479 0.08571 0.00000 0.02344 0.00000 0.00000 0.15340 0.06902 0.01521 0.03507 0.03670 0.08696 0.03043 0.01647 0.02792 0.01841 0.01050 0.04505 0.00237 0.02992 0.00000 0.00000 0.04736 0.00846 0.07479 0.00000 0.01568 0.01319 0.00000 0.06641 0.02143 0.02777
0.02204 0.02810 0.00000 0.01842 0.01016 0.02594 0.05353 0.01337 0.08402 0.02963 0.00000 0.05117 0.00000 0.02640 0.00000 0.02899 0.00000 0.04180 0.01515 0.00953 0.03843 0.02045 0.01074 0.04377 0.01887 0.03094 0.04870 0.03833 0.00000 0.02681 0.02693 0.00000 0.02772 0.00000 0.04615 0.00000 0.00521 0.02818 0.00000 0.00000 0.04919 0.05462 0.00000 0.00000 0.00000 0.00000 0.02020 0.00000 0.06010 0.03965
0.03787 0.00000 0.06879 0.01979 0.00374 0.00000 0.00000 0.02550 0.00655 0.07573 0.00138 0.01587 0.00865 0.00697 0.00000 0.03724 0.02135 0.06389 0.05076 0.02238 0.08096 0.03088 0.00265 0.02404 0.04612 0.00000 0.08996 0.01231 0.00000 0.04087 0.00000 0.04703 0.00000 0.00000 0.01389 0.00000 0.04632 0.01105 0.01735 0.00000 0.13144 0.15675 0.01567 0.01489 0.07294 0.01456 0.07867 0.09200 0.01280 0.00000
0.00841 0.02569 0.01460 0.03466 0.00084 0.00369 0.06241 0.00294 0.07645 0.04878 0.00510 0.04042 0.07178 0.00000 0.02736 0.03719 0.05429 0.02622 0.03878 0.04746 0.00930 0.02454 0.00000 0.00000 0.03507 0.06490 0.06022 0.08940 0.05756 0.01855 0.03471 0.05822 0.01540 0.11332 0.05143 0.05268 0.02670 0.06084 0.00000 0.00000 0.07052 0.02178 0.02424 0.14213 0.03554 0.03021 0.00000 0.00000 0.00000 0.00000
0.00000 0.09242 0.00000 0.02309 0.00000 0.00000 0.03476 0.05380 0.07136 0.04599 0.02684 0.05763 0.00000 0.02506 0.04392 0.04158 0.02273 0.05014 0.00360 0.02623 0.02240 0.05289 0.00000 0.00000 0.00754 0.01391 0.01662 0.06775 0.00000 0.00000 0.01293 0.03569 0.03178 0.03230 0.05252 0.00000 0.00000 0.00000 0.00000 0.00000 0.00000 0.00000 0.00000 0.02968 0.03066 0.03103 0.00071 0.05118 0.00000 0.00825
0.03199 0.04772 0.00000 0.00000 0.02254 0.06966 0.00607 0.05454 0.04329 0.01885 0.00000 0.00282 0.06806 0.00040 0.00915 0.06731 0.00692 0.01418 0.01432 0.00022 0.00000 0.01850 0.07399 0.00000 0.04501 0.03278 0.03078 0.03533 0.00000 0.04689 0.04066 0.03924 0.03426 0.00000 0.00000 0.00000 0.03108 0.06465 0.01207 0.00000 0.00000 0.00000 0.00000 0.04519 0.03948 0.02227 0.02836 0.01961 0.01116 0.01136
0.05510 0.00000 0.09383 0.00000 0.10834 0.09139 0.00000 0.07309 0.00467 0.01145 0.00000 0.05098 0.01163 0.00897 0.00000 0.00000 0.00000 0.03362 0.00432 0.00000 0.03483 0.08598 0.02810 0.09278 0.00000 0.00000 0.05565 0.03740 0.03015 0.06093 0.00000 0.14343 0.08451 0.04797 0.07637 0.00780 0.08937 0.00000 0.00000 0.00000 0.01645 0.00664 0.00000 0.00715 0.00000 0.02879 0.02023 0.00000 0.03121 0.02548
0.00000 0.01736 0.01263 0.00867 0.00330 0.02959 0.03351 0.00000 0.05029 0.01049 0.00229 0.00000 0.01654 0.00000 0.00000 0.03729 0.03743 0.03973 0.03019 0.00902 0.00000 0.00000 0.03120 0.00000 0.01337 0.01879 0.00000 0.00361 0.03272 0.00571 0.02850 0.01346 0.02906 0.03298 0.01065 0.00000 0.03507 0.03146 0.02275 0.00000 0.02956 0.02742 0.02167 0.02153 0.01214 0.00940 0.07414 0.02077 0.02152 0.02356
0.05719 0.01162 0.05924 0.08628 0.00339 0.00000 0.03170 0.06720 0.09809 0.00000 0.00320 0.11590 0.03240 0.00000 0.03920 0.05858 0.00741 0.02260 0.00153 0.02009 0.01037 0.04388 0.01700 0.00000 0.02843 0.04788 0.06060 0.00000 0.08032 0.00451 0.08241 0.02262 0.00078 0.03884 0.06429 0.03088 0.00000 0.00000 0.00313 0.00000 0.00000 0.00142 0.01260 0.03265 0.02059 0.02064 0.00000 0.00705 0.01836 0.02739
0.01481 0.02979 0.00000 0.00000 0.06317 0.09415 0.00000 0.02211 0.03187 0.02511 0.00000 0.05787 0.03895 0.05036 0.00000 0.03540 0.00000 0.02162 0.07052 0.03111 0.02039 0.06585 0.08763 0.04723 0.00928 0.04833 0.00439 0.01827 0.00000 0.05713 0.07786 0.06239 0.08461 0.00000 0.00000 0.01886 0.01091 0.07656 0.03275 0.00000 0.02495 0.08708 0.04487 0.00099 0.00000 0.00000 0.03143 0.00000 0.06045 0.05191
0.00445 0.07481 0.00000 0.05724 0.04913 0.00074 0.03283 0.03415 0.04726 0.02028 0.00000 0.00561 0.02568 0.01035 0.05259 0.07294 0.00000 0.02404 0.00000 0.10148 0.06406 0.04988 0.03310 0.03010 0.00000 0.02007 0.00000 0.03608 0.00000 0.04116 0.07598 0.03259 0.02530 0.08596 0.03152 0.00000 0.09105 0.01437 0.00771 0.00000 0.06720 0.03044 0.00000 0.00000 0.07221 0.03886 0.05072 0.08659 0.01044 0.01648
0.07256 0.00000 0.06742 0.03485 0.10760 0.04686 0.04657 0.06115 0.03826 0.04304 0.00000 0.00000 0.05053 0.01130 0.02367 0.00000 0.02042 0.00000 0.00667 0.05608 0.07864 0.04583 0.00000 0.07845 0.08956 0.02369 0.00000 0.03292 0.04851 0.14547 0.00356 0.05076 0.00000 0.10231 0.05689 0.01360 0.02401 0.02149 0.00000 0.00000 0.00977 0.00000 0.03988 0.04184 0.05443 0.05064 0.00000 0.00000 0.00000 0.00000
0.06714 0.02664 0.03076 0.00000 0.03617 0.09358 0.12313 0.01952 0.08773 0.05034 0.00000 0.06441 0.01574 0.01153 0.00096 0.00000 0.01023 0.12287 0.01996 0.00000 0.03252 0.00560 0.07512 0.05650 0.01341 0.04087 0.00978 0.06766 0.03693 0.06266 0.15355 0.04960 0.09474 0.00756 0.10253 0.01489 0.01157 0.00000 0.00000 0.00000 0.08440 0.00969 0.02084 0.13382 0.00262 0.00000 0.04367 0.04925 0.07719 0.03779
0.02527 0.01446 0.00000 0.02556 0.02458 0.03019 0.02810 0.04314 0.03899 0.00000 0.02097 0.05050 0.00000 0.06531 0.05981 0.00000 0.07559 0.06481 0.00830 0.03616 0.03648 0.03777 0.05081 0.00560 0.00000 0.00261 0.00000 0.03108 0.04722 0.00000 0.00000 0.01857 0.07303 0.00000 0.00000 0.00000 0.05028 0.04295 0.00000 0.00000 0.00339 0.00000 0.04456 0.02208 0.05089 0.03451 0.07297 0.03119 0.01570 0.05623
0.09985 0.00000 0.00907 0.06265 0.00000 0.05914 0.04170 0.00646 0.04106 0.06667 0.00000 0.09122 0.00000 0.00129 0.00000 0.00104 0.00000 0.00000 0.02775 0.06675 0.00000 0.01179 0.02050 0.00480 0.05963 0.02500 0.09618 0.00000 0.08520 0.00000 0.03064 0.03952 0.03676 0.00000 0.02033 0.00210 0.00000 0.00000 0.08671 0.00000 0.03806 0.03183 0.03599 0.01827 0.00000 0.01429 0.00749 0.04097 0.05284 0.05190
0.02763 0.02804 0.00617 0.01859 0.04704 0.03242 0.01739 0.08112 0.05764 0.08219 0.00000 0.05552 0.00000 0.00591 0.01007 0.00408 0.00000 0.01717 0.01761 0.02784 0.00378 0.06974 0.05303 0.00000 0.08118 0.00000 0.00948 0.03826 0.02210 0.02197 0.00758 0.04400 0.00000 0.01083 0.03913 0.00000 0.02216 0.00000 0.00015 0.00000 0.01379 0.00376 0.00043 0.04078 0.03238 0.01444 0.00000 0.00000 0.01984 0.00636
0.02976 0.00948 0.00000 0.00561 0.08703 0.02279 0.05364 0.03840 0.00446 0.01576 0.00000 0.04842 0.08675 0.02004 0.01738 0.00000 0.06033 0.04995 0.03700 0.00000 0.04296 0.06669 0.09455 0.02817 0.00000 0.04287 0.04691 0.02592 0.00000 0.00000 0.06657 0.00625 0.10237 0.01931 0.00263 0.00000 0.04138 0.07979 0.00000 0.00000 0.00000 0.06131 0.01843 0.00000 0.02708 0.05737 0.08615 0.02618 0.02341 0.02006
0.00000 0.05950 0.06486 0.00000 0.00000 0.07329 0.02698 0.03615 0.19504 0.08208 0.00000 0.08173 0.10003 0.00000 0.00000 0.04954 0.00727 0.00000 0.00000 0.00000 0.00139 0.03989 0.03660 0.00000 0.04609 0.03764 0.00000 0.06388 0.00000 0.00387 0.07469 0.00000 0.00000 0.08716 0.07810 0.00000 0.13369 0.02855 0.00000 0.00000 0.03039 0.03168 0.00000 0.00000 0.04537 0.02176 0.03009 0.04042 0.06923 0.00372
0.03623 0.02597 0.00000 0.04491 0.00000 0.02578 0.07854 0.03666 0.02886 0.03794 0.01782 0.01674 0.00000 0.03851 0.06308 0.00000 0.06571 0.05554 0.02712 0.04474 0.02170 0.05368 0.10293 0.06032 0.05592 0.00000 0.07220 0.00195 0.04271 0.00000 0.00000 0.00000 0.04202 0.00000 0.00890 0.00000 0.00965 0.00000 0.01496 0.00000 0.03303 0.04978 0.03533 0.04943 0.09244 0.01747 0.02078 0.06625 0.01264 0.05133
0.00001 0.00120 0.00000 0.05209 0.00000 0.09641 0.03423 0.03713 0.10830 0.11227 0.00000 0.02679 0.03894 0.04062 0.10970 0.07423 0.00140 0.01573 0.02278 0.00000 0.00771 0.00000 0.00000 0.00000 0.02781 0.05339 0.00000 0.05074 0.01710 0.03779 0.03653 0.00000 0.03424 0.06035 0.04330 0.04274 0.08395 0.02706 0.00000 0.00000 0.00000 0.00000 0.04282 0.00000 0.00000 0.04333 0.00000 0.08003 0.08292 0.02052
0.03495 0.02152 0.00000 0.00000 0.00000 0.00000 0.08416 0.05656 0.07267 0.00000 0.00122 0.05643 0.07129 0.00435 0.00000 0.01758 0.01766 0.06626 0.02178 0.04785 0.09756 0.07564 0.05268 0.06309 0.02251 0.01832 0.04324 0.06081 0.04312 0.02936 0.03283 0.00000 0.02527 0.00000 0.00000 0.00000 0.00654 0.08197 0.00000 0.00000 0.00915 0.03636 0.00000 0.00000 0.00000 0.00000 0.02048 0.04416 0.03090 0.05266
0.11570 0.01737 0.00433 0.01080 0.01933 0.00000 0.07733 0.06300 0.07542 0.05639 0.00000 0.06377 0.00463 0.00000 0.02627 0.01051 0.00000 0.02620 0.00000 0.08041 0.04719 0.04175 0.08846 0.00980 0.00390 0.00000 0.00000 0.05004 0.06320 0.05272 0.07556 0.02842 0.00723 0.00928 0.05458 0.00000 0.00000 0.00000 0.04290 0.00000 0.07963 0.00528 0.00000 0.00000 0.07251 0.01293 0.00000 0.07123 0.00866 0.06580
0.00000 0.00000 0.00051 0.00603 0.07471 0.06095 0.02706 0.00543 0.09209 0.00866 0.02224 0.00000 0.02516 0.00000 0.04811 0.08814 0.04351 0.00000 0.07408 0.00000 0.00000 0.03736 0.04569 0.04183 0.00000 0.07098 0.10007 0.03247 0.05587 0.04181 0.00000 0.13643 0.01146 0.00000 0.01219 0.04559 0.08182 0.00000 0.01751 0.00000 0.02293 0.02581 0.00000 0.14361 0.00000 0.00000 0.03456 0.08382 0.01221 0.08551
0.02797 0.00464 0.04867 0.03400 0.00000 0.01713 0.03338 0.01024 0.06035 0.03116 0.00000 0.04281 0.01679 0.00960 0.00389 0.02844 0.00000 0.00990 0.00000 0.02866 0.00700 0.00000 0.04369 0.00000 0.01219 0.04156 0.04272 0.03669 0.00787 0.04658 0.02321 0.00000 0.04397 0.01220 0.05734 0.00786 0.05459 0.01149 0.00000 0.00000 0.03649 0.00138 0.00000 0.00000 0.04382 0.00000 0.00516 0.02538 0.05326 0.03153
0.06658 0.01302 0.07401 0.00000 0.03377 0.00000 0.06982 0.00899 0.00000 0.01984 0.00000 0.01367 0.00480 0.00000 0.03693 0.00366 0.00000 0.03433 0.00166 0.01358 0.01484 0.00000 0.00000 0.01398 0.00000 0.03865 0.04681 0.02769 0.00097 0.02080 0.01503 0.03310 0.02964 0.08997 0.02413 0.00593 0.00000 0.01943 0.00154 0.00000 0.04522 0.00000 0.06190 0.02623 0.03525 0.04331 0.00000 0.04598 0.00661 0.04337
0.00000 0.00000 0.00000 0.00969 0.00000 0.04170 0.06875 0.00000 0.05208 0.05840 0.01481 0.00425 0.00000 0.01782 0.07407 0.01810 0.09462 0.00000 0.00000 0.01476 0.00000 0.00000 0.02693 0.00000 0.02332 0.02488 0.09398 0.03613 0.03007 0.00000 0.00386 0.09269 0.07724 0.05005 0.00000 0.00000 0.05944 0.04446 0.01061 0.00000 0.00000 0.00000 0.00000 0.02937 0.04874 0.08781 0.10160 0.02960 0.00000 0.01581
0.02973 0.05896 0.00747 0.01375 0.00000 0.05489 0.10311 0.09845 0.00000 0.00000 0.00000 0.03754 0.09106 0.00000 0.08187 0.06777 0.08684 0.06741 0.08965 0.04392 0.05713 0.04023 0.03239 0.01662 0.01174 0.01494 0.05717 0.00000 0.05280 0.03127 0.01362 0.00000 0.02822 0.13064 0.01527 0.00000 0.00000 0.05813 0.00000 0.00000 0.00000 0.00000 0.01966 0.03070 0.06884 0.10563 0.00142 0.04705 0.00000 0.06221
0.00001 0.04926 0.04106 0.04727 0.00000 0.03030 0.00000 0.03428 0.01856 0.00103 0.00000 0.01404 0.00184 0.06190 0.00770 0.01154 0.02413 0.01197 0.04051 0.04660 0.00489 0.00000 0.05110 0.00632 0.03297 0.02171 0.04133 0.05257 0.01436 0.02992 0.03100 0.01959 0.00745 0.02576 0.03481 0.00000 0.04385 0.03699 0.01267 0.00000 0.05161 0.02451 0.01983 0.01265 0.01853 0.00000 0.00129 0.00000 0.01961 0.00800
0.00000 0.08403 0.05811 0.02227 0.00000 0.00433 0.00000 0.06960 0.03285 0.00000 0.00000 0.05228 0.08462 0.00000 0.00000 0.08972 0.01553 0.04232 0.03313 0.00519 0.00000 0.02295 0.08754 0.05959 0.06560 0.00000 0.02439 0.01214 0.01177 0.00000 0.00000 0.00000 0.00000 0.01230 0.04734 0.00000 0.05576 0.01824 0.01558 0.00000 0.03453 0.09532 0.00000 0.04595 0.00000 0.00000 0.02645 0.03095 0.05002 0.00000
0.03467 0.00000 0.01837 0.04540 0.00737 0.00000 0.06342 0.02749 0.01002 0.05812 0.00000 0.05567 0.00651 0.01996 0.00518 0.02456 0.02688 0.05716 0.01166 0.07847 0.00000 0.03197 0.08036 0.00000 0.01329 0.00000 0.03586 0.03288 0.00058 0.02032 0.00600 0.03534 0.03501 0.06724 0.05386 0.00000 0.01826 0.07692 0.01078 0.00000 0.08745 0.01529 0.03382 0.06786 0.03036 0.00104 0.00000 0.07514 0.03190 0.03357
0.01834 0.00000 0.03415 0.02170 0.00319 0.02995 0.09333 0.00000 0.01962 0.04809 0.00256 0.08665 0.00000 0.06785 0.06969 0.07298 0.01850 0.00000 0.02483 0.02367 0.00256 0.00000 0.01719 0.07408 0.02562 0.00000 0.03564 0.01142 0.06375 0.02665 0.04508 0.02526 0.01750 0.00000 0.00920 0.02869 0.05312 0.07012 0.00000 0.00000 0.02033 0.00000 0.02268 0.03576 0.04139 0.03494 0.01369 0.01224 0.03952 0.03875
0.00000 0.00733 0.06063 0.00000 0.04716 0.05165 0.04496 0.01526 0.00685 0.02259 0.00000 0.03039 0.00000 0.05850 0.08737 0.02227 0.00000 0.00000 0.09722 0.00000 0.00260 0.01960 0.00000 0.05678 0.00410 0.08151 0.03196 0.02221 0.00483 0.02426 0.03683 0.07488 0.07834 0.00000 0.00000 0.05293 0.03161 0.00000 0.00209 0.00000 0.06187 0.02523 0.02577 0.05294 0.00000 0.05636 0.03647 0.03213 0.02022 0.02735
0.07405 0.00000 0.00000 0.00000 0.00000 0.06278 0.07208 0.06388 0.00689 0.00275 0.00000 0.01515 0.02699 0.00000 0.00000 0.12641 0.11223 0.01404 0.01190 0.00000 0.00000 0.00000 0.00116 0.06528 0.06148 0.00000 0.05533 0.00757 0.08735 0.09015 0.00879 0.12060 0.00000 0.00000 0.00000 0.02258 0.11220 0.10348 0.00046 0.00000 0.03174 0.00944 0.01744 0.01650 0.04641 0.01161 0.07465 0.04589 0.01691 0.01501
0.00000 0.04866 0.06507 0.09139 0.00000 0.00000 0.08529 0.01162 0.06737 0.00000 0.00000 0.08094 0.12893 0.00000 0.00598 0.07505 0.06934 0.02502 0.06917 0.08894 0.01187 0.09328 0.02795 0.00691 0.02489 0.05340 0.11050 0.03783 0.00799 0.00000 0.03757 0.00000 0.00000 0.06935 0.05400 0.00000 0.00000 0.04093 0.01068 0.00000 0.00000 0.03684 0.07190 0.06292 0.01329 0.03725 0.00000 0.08059 0.03037 0.01668
0.00000 0.00000 0.00788 0.00000 0.03417 0.03950 0.00000 0.00000 0.12189 0.01211 0.00000 0.06303 0.00274 0.00483 0.04392 0.00000 0.11125 0.00000 0.03673 0.00000 0.00000 0.02807 0.14506 0.03972 0.01317 0.00000 0.02132 0.00000 0.00000 0.02946 0.02298 0.00000 0.01442 0.04535 0.00000 0.00000 0.10963 0.00000 0.00000 0.00000 0.08030 0.05954 0.00000 0.00489 0.08866 0.01039 0.10293 0.00263 0.00998 0.08610
0.02469 0.05543 0.12260 0.01982 0.01557 0.08240 0.00000 0.00000 0.02287 0.03821 0.01399 0.04798 0.00001 0.03659 0.08819 0.00000 0.03197 0.01940 0.00000 0.00667 0.03513 0.00000 0.01715 0.10538 0.05372 0.00977 0.00001 0.00000 0.09527 0.00000 0.00000 0.01981 0.06069 0.08613 0.00000 0.00000 0.06288 0.00000 0.00000 0.00000 0.05055 0.00000 0.07671 0.12552 0.05898 0.01435 0.02031 0.00000 0.02272 0.08193
0.11544 0.07267 0.06247 0.01029 0.04212 0.02213 0.00000 0.01610 0.05206 0.00000 0.00009 0.00804 0.00000 0.02392 0.00000 0.05938 0.04775 0.02187 0.06622 0.00000 0.00028 0.00068 0.04731 0.00950 0.00000 0.00000 0.00000 0.00000 0.05530 0.04016 0.00000 0.05512 0.03320 0.00699 0.03173 0.01933 0.01759 0.01789 0.00852 0.00000 0.00000 0.04342 0.00924 0.06473 0.04698 0.01466 0.00000 0.05010 0.02893 0.05256
0.00000 0.00576 0.11197 0.02586 0.00000 0.00089 0.04069 0.00000 0.00000 0.00719 0.00000 0.02701 0.00000 0.04407 0.00394 0.00526 0.07948 0.00000 0.07981 0.02812 0.07049 0.00000 0.03842 0.01735 0.00000 0.00000 0.01629 0.00000 0.04406 0.04524 0.01943 0.00000 0.02069 0.04338 0.02798 0.01562 0.00000 0.03900 0.00636 0.00000 0.00000 0.01540 0.01995 0.00000 0.03065 0.02800 0.00210 0.02626 0.04814 0.01543
0.04985 0.05402 0.00000 0.08271 0.00000 0.02710 0.01306 0.01847 0.18587 0.08162 0.00000 0.00000 0.02082 0.05348 0.08011 0.09162 0.05272 0.00461 0.13835 0.00000 0.04811 0.01732 0.08677 0.01906 0.08762 0.03173 0.00419 0.10691 0.08346 0.16150 0.00612 0.03624 0.00920 0.00000 0.00000 0.00312 0.02304 0.00000 0.00000 0.00000 0.03363 0.06989 0.01369 0.06774 0.11146 0.00000 0.00877 0.10934 0.00001 0.00000
0.04151 0.01443 0.00000 0.03732 0.03955 0.02585 0.05325 0.05448 0.00000 0.00000 0.01863 0.00000 0.00000 0.07951 0.00584 0.03414 0.10160 0.00120 0.03497 0.06141 0.04410 0.01013 0.03349 0.07662 0.11927 0.00000 0.10105 0.02629 0.03785 0.06883 0.01946 0.00000 0.00000 0.00000 0.04189 0.00000 0.04093 0.05561 0.04374 0.00000 0.06231 0.00354 0.00000 0.00002 0.00000 0.00000 0.00000 0.08679 0.00000 0.00398
0.02619 0.11859 0.00000 0.05712 0.00000 0.00000 0.03109 0.06780 0.12053 0.05138 0.02056 0.07394 0.04191 0.05248 0.06592 0.10968 0.00000 0.00000 0.04403 0.07295 0.03088 0.03155 0.03500 0.00000 0.06687 0.08979 0.00000 0.07204 0.03228 0.03973 0.07950 0.00913 0.00709 0.00761 0.00000 0.01035 0.00000 0.02186 0.00000 0.00000 0.00000 0.00000 0.03767 0.04058 0.06730 0.01856 0.00000 0.00000 0.02025 0.00000
0.06602 0.03347 0.01153 0.00496 0.00102 0.00000 0.00000 0.06203 0.03894 0.01069 0.00000 0.07657 0.09098 0.02451 0.00330 0.02918 0.02917 0.03785 0.00000 0.04494 0.06323 0.02112 0.03834 0.01382 0.01092 0.03392 0.00000 0.00000 0.01013 0.00000 0.00216 0.00729 0.04202 0.00000 0.00000 0.00000 0.07119 0.05049 0.00000 0.00000 0.00000 0.05418 0.00000 0.05703 0.05077 0.02978 0.06089 0.08195 0.04326 0.00000
0.07399 0.02836 0.05622 0.00000 0.01524 0.02985 0.07136 0.01486 0.03792 0.00195 0.00000 0.01829 0.10871 0.00015 0.00000 0.00000 0.05559 0.04428 0.02073 0.09404 0.00000 0.00497 0.05948 0.05219 0.00230 0.05220 0.00000 0.05876 0.08045 0.04379 0.02406 0.00000 0.03450 0.00000 0.04920 0.02806 0.07552 0.07383 0.01474 0.00000 0.07600 0.05395 0.02004 0.02746 0.08382 0.02717 0.00000 0.01552 0.00505 0.01390
0.11275 0.05666 0.04989 0.00000 0.05832 0.00862 0.00000 0.02551 0.03251 0.14647 0.02771 0.01648 0.05701 0.02771 0.00000 0.12358 0.00000 0.00000 0.00000 0.01549 0.00000 0.00000 0.06996 0.06216 0.00000 0.01206 0.00000 0.05853 0.00000 0.00000 0.01506 0.01731 0.02681 0.00000 0.04726 0.00646 0.03231 0.07668 0.07017 0.00000 0.07378 0.07630 0.00000 0.09956 0.04488 0.02270 0.00219 0.00000 0.02870 0.04100
0.03841 0.07031 0.00000 0.00919 0.06520 0.10408 0.02098 0.00000 0.02784 0.00827 0.00000 0.00000 0.02275 0.00000 0.00000 0.03451 0.00000 0.01698 0.01320 0.07827 0.04566 0.09460 0.00226 0.04715 0.04884 0.02804 0.08466 0.04042 0.00000 0.05930 0.08868 0.00000 0.05865 0.02868 0.03835 0.00000 0.05067 0.08236 0.03103 0.00000 0.04111 0.06171 0.00755 0.00751 0.01636 0.01843 0.01305 0.01891 0.00000 0.02443
0.07776 0.00000 0.05795 0.00000 0.03923 0.00000 0.13235 0.02621 0.08924 0.06145 0.03594 0.06586 0.00000 0.00426 0.06455 0.05834 0.01974 0.00000 0.00000 0.00000 0.05178 0.00000 0.00000 0.06733 0.04485 0.08317 0.05210 0.05462 0.11414 0.08101 0.00000 0.09365 0.00000 0.04825 0.03090 0.00000 0.03580 0.00000 0.00326 0.00000 0.05183 0.00000 0.00000 0.02172 0.02616 0.00399 0.06525 0.08835 0.00000 0.05666
0.00000 0.00000 0.08095 0.00444 0.00000 0.02541 0.03582 0.04131 0.03109 0.03880 0.00000 0.06867 0.06955 0.06686 0.00625 0.00000 0.01583 0.00000 0.07872 0.04474 0.08702 0.05994 0.09432 0.06170 0.00000 0.00000 0.00000 0.07121 0.02135 0.08176 0.00000 0.03764 0.00857 0.03351 0.01153 0.00960 0.00000 0.03163 0.00000 0.00000 0.05633 0.00607 0.02419 0.00001 0.06174 0.01643 0.02202 0.02195 0.03419 0.04054
0.00000 0.01258 0.04214 0.09150 0.00000 0.03010 0.00000 0.03013 0.09786 0.01540 0.00000 0.00944 0.00483 0.02760 0.00000 0.04436 0.00000 0.00447 0.02090 0.04462 0.04463 0.02318 0.00000 0.00000 0.00000 0.06280 0.06759 0.04877 0.00000 0.00001 0.09369 0.01241 0.00597 0.00000 0.04121 0.00700 0.04777 0.00000 0.01845 0.00000 0.09035 0.05660 0.00000 0.02462 0.05825 0.01925 0.01408 0.00000 0.04030 0.02233
0.06822 0.02325 0.06212 0.02369 0.06962 0.08772 0.00000 0.10650 0.00000 0.04124 0.02373 0.01999 0.04660 0.00000 0.00000 0.13363 0.00000 0.00000 0.05931 0.00000 0.00000 0.00000 0.01892 0.10226 0.02662 0.03472 0.04995 0.00000 0.00000 0.00000 0.02188 0.10538 0.00000 0.00000 0.00029 0.00655 0.00000 0.00000 0.07976 0.00000 0.05537 0.02468 0.00000 0.15039 0.00000 0.01855 0.02354 0.00000 0.01405 0.05563
0.12662 0.04201 0.05981 0.00507 0.00000 0.00000 0.10887 0.02839 0.00000 0.00250 0.00621 0.07869 0.00000 0.00000 0.04392 0.02807 0.09352 0.00679 0.00368 0.05389 0.01571 0.00000 0.00000 0.00000 0.00185 0.05516 0.05157 0.00000 0.09038 0.00000 0.05182 0.00000 0.05746 0.03109 0.00660 0.00000 0.09698 0.06939 0.00756 0.00000 0.00000 0.00000 0.05223 0.00000 0.05042 0.00000 0.01860 0.07649 0.02889 0.09654
0.14944 0.02585 0.00000 0.12643 0.01691 0.02281 0.06423 0.05272 0.04571 0.09002 0.00363 0.00000 0.00000 0.05247 0.01167 0.00000 0.02018 0.02385 0.04046 0.06703 0.02898 0.11512 0.03106 0.01122 0.01197 0.00000 0.09801 0.04459 0.00000 0.02748 0.03198 0.06997 0.10317 0.00000 0.00868 0.00000 0.01047 0.00794 0.00000 0.00000 0.08881 0.06936 0.06100 0.14443 0.14126 0.00000 0.00000 0.02745 0.00266 0.01799
0.07141 0.03103 0.04091 0.01485 0.01876 0.04628 0.00954 0.00000 0.04736 0.04166 0.03473 0.08490 0.01741 0.01221 0.03527 0.03025 0.00000 0.01202 0.00000 0.04457 0.01520 0.02171 0.03462 0.00000 0.09598 0.00347 0.00345 0.03900 0.08847 0.06070 0.06124 0.05898 0.03937 0.00000 0.04031 0.01423 0.02130 0.01552 0.00000 0.00000 0.00000 0.00000 0.02852 0.05213 0.00000 0.00053 0.01028 0.00000 0.01781 0.01098
0.00000 0.00000 0.00730 0.00000 0.02187 0.07418 0.01235 0.06131 0.02626 0.00807 0.00000 0.00000 0.03838 0.00000 0.02742 0.07471 0.05082 0.01621 0.00001 0.00000 0.00000 0.00000 0.00000 0.04213 0.02791 0.00000 0.05119 0.02677 0.01291 0.02662 0.00408 0.09350 0.00000 0.00000 0.03071 0.03349 0.05735 0.02371 0.00997 0.00000 0.00000 0.00000 0.00000 0.02939 0.00325 0.04660 0.00000 0.08997 0.02298 0.00000
0.06962 0.08858 0.00889 0.04055 0.03394 0.05991 0.02298 0.08766 0.05952 0.05485 0.00006 0.03794 0.00000 0.06110 0.01655 0.00000 0.04193 0.09669 0.05495 0.00063 0.04418 0.02981 0.00000 0.00000 0.05458 0.00588 0.04559 0.00000 0.02556 0.00000 0.01643 0.00000 0.00939 0.00000 0.05904 0.01824 0.05215 0.00000 0.00840 0.00000 0.02318 0.02971 0.05430 0.07350 0.01487 0.01780 0.00000 0.00059 0.04596 0.05130
0.06743 0.07916 0.02133 0.00000 0.02463 0.03213 0.03622 0.09258 0.00000 0.06067 0.00914 0.00000 0.00000 0.00000 0.02316 0.06096 0.04197 0.00000 0.08528 0.01845 0.10643 0.10056 0.02401 0.06557 0.06059 0.00000 0.04350 0.09556 0.00000 0.07837 0.00000 0.00751 0.00000 0.01379 0.00355 0.00000 0.00951 0.02027 0.02210 0.00000 0.10121 0.00000 0.01693 0.08110 0.02528 0.00000 0.00000 0.00000 0.00000 0.07149
0.00001 0.04527 0.00133 0.00465 0.06154 0.06601 0.12812 0.02589 0.03119 0.04517 0.00138 0.00000 0.02803 0.06041 0.05807 0.01927 0.02069 0.00000 0.10660 0.03094 0.00000 0.00000 0.02945 0.01515 0.03230 0.12017 0.00678 0.07110 0.01482 0.01617 0.07542 0.01384 0.05752 0.02785 0.02024 0.01374 0.01228 0.01672 0.02401 0.00000 0.00000 0.00000 0.04060 0.08299 0.00000 0.06025 0.04958 0.03718 0.03536 0.00000
0.06110 0.05922 0.04261 0.03737 0.04727 0.00000 0.00001 0.03761 0.01903 0.00000 0.00000 0.00857 0.00000 0.00815 0.00000 0.01210 0.06576 0.00000 0.03647 0.03290 0.06634 0.08089 0.00000 0.00000 0.04485 0.01123 0.09045 0.03504 0.00000 0.00000 0.09620 0.03297 0.00698 0.01927 0.00000 0.00000 0.09716 0.03293 0.01167 0.00000 0.06994 0.06122 0.00000 0.06125 0.01635 0.00957 0.03109 0.01476 0.00417 0.04811
0.01470 0.00000 0.07175 0.00000 0.04193 0.00000 0.00000 0.00000 0.04444 0.00065 0.00000 0.00000 0.07565 0.00000 0.00000 0.06460 0.08684 0.06320 0.10008 0.00000 0.02405 0.00000 0.00446 0.03748 0.02966 0.00000 0.00000 0.03893 0.10216 0.02381 0.00000 0.01057 0.00000 0.02438 0.00499 0.03776 0.09309 0.05755 0.02865 0.00000 0.04564 0.05398 0.03109 0.07139 0.03010 0.01439 0.06589 0.09599 0.00000 0.09140
0.10050 0.00000 0.04001 0.03186 0.04020 0.03745 0.00000 0.00000 0.08155 0.12998 0.00000 0.00000 0.05434 0.07801 0.03909 0.00000 0.04419 0.01053 0.06721 0.00000 0.08066 0.03630 0.00000 0.02945 0.00000 0.05888 0.00000 0.09031 0.08395 0.01235 0.00000 0.02370 0.07957 0.00000 0.01547 0.06596 0.07162 0.02979 0.00503 0.00000 0.04317 0.06928 0.03682 0.09808 0.03535 0.03439 0.00000 0.05808 0.03748 0.00000
0.00164 0.06354 0.00000 0.02490 0.00000 0.02928 0.05327 0.03389 0.00000 0.04824 0.03619 0.02023 0.05553 0.00000 0.00000 0.10446 0.08121 0.11368 0.00000 0.06419 0.00000 0.00966 0.04460 0.00000 0.05685 0.01955 0.02291 0.02160 0.02256 0.04829 0.01832 0.04784 0.03030 0.00733 0.04844 0.00000 0.00865 0.08167 0.01317 0.00000 0.07139 0.01479 0.00662 0.02286 0.00000 0.00838 0.05001 0.06580 0.00000 0.00000
0.00000 0.04817 0.08816 0.00000 0.04323 0.06596 0.00000 0.00219 0.08587 0.02397 0.00000 0.02234 0.03693 0.00091 0.05429 0.01021 0.06790 0.00000 0.01807 0.00000 0.03669 0.06025 0.03952 0.03058 0.13725 0.05028 0.00000 0.00265 0.00885 0.11566 0.05855 0.01158 0.02188 0.04577 0.03088 0.01918 0.02250 0.00000 0.00000 0.00000 0.01338 0.00000 0.02139 0.04025 0.02117 0.03126 0.00723 0.00000 0.00151 0.00000
0.02958 0.05083 0.02888 0.03939 0.00000 0.06703 0.01288 0.02223 0.06343 0.01465 0.00000 0.00000 0.03964 0.03655 0.04060 0.06727 0.07629 0.06632 0.02163 0.00000 0.00000 0.00560 0.00302 0.01982 0.05933 0.04583 0.00637 0.03923 0.01903 0.08200 0.00000 0.05361 0.00397 0.07637 0.01035 0.03000 0.00000 0.05561 0.00000 0.00000 0.00202 0.00000 0.06192 0.06744 0.03027 0.01801 0.00000 0.12990 0.03649 0.00000
0.02767 0.00522 0.04469 0.04361 0.01521 0.00062 0.02200 0.11632 0.11400 0.04804 0.00000 0.13287 0.05231 0.00000 0.02750 0.02490 0.00000 0.02964 0.00000 0.01915 0.05227 0.08530 0.02456 0.02774 0.10297 0.03268 0.03890 0.00000 0.06672 0.02531 0.06902 0.00000 0.00000 0.02001 0.06860 0.00056 0.03680 0.00000 0.00000 0.00000 0.00000 0.03054 0.00112 0.02329 0.01583 0.00000 0.02065 0.00376 0.02728 0.00000
0.00000 0.20409 0.05701 0.02332 0.02274 0.04232 0.05332 0.01430 0.00000 0.07849 0.02234 0.01273 0.00000 0.08800 0.08915 0.09777 0.00000 0.00000 0.09211 0.02074 0.00000 0.01225 0.00000 0.03246 0.11736 0.09472 0.03676 0.07741 0.00000 0.05512 0.03536 0.01481 0.05195 0.11533 0.03742 0.00000 0.02523 0.05371 0.00000 0.00000 0.03635 0.04831 0.01709 0.08477 0.00000 0.00270 0.00000 0.01714 0.01677 0.00000
0.00588 0.00000 0.02346 0.03412 0.02435 0.05131 0.01360 0.01858 0.00000 0.01770 0.00000 0.04123 0.02435 0.01567 0.02758 0.03703 0.01794 0.02979 0.04123 0.00986 0.00000 0.03531 0.01228 0.04305 0.00000 0.04458 0.11482 0.00000 0.00000 0.04760 0.01308 0.05461 0.09261 0.07353 0.03026 0.03142 0.04316 0.13682 0.00000 0.00000 0.00192 0.07923 0.05974 0.00000 0.01642 0.01138 0.02550 0.00274 0.04073 0.00000
0.14974 0.01571 0.02506 0.00000 0.00417 0.00000 0.01273 0.05878 0.02006 0.03917 0.00000 0.12296 0.08603 0.00000 0.00000 0.03449 0.00000 0.00000 0.02322 0.10180 0.04025 0.03505 0.04494 0.04924 0.04523 0.03408 0.00000 0.02086 0.07226 0.04596 0.03922 0.03772 0.03882 0.00000 0.02471 0.03357 0.00832 0.05225 0.03311 0.00000 0.07306 0.10875 0.02041 0.01516 0.03025 0.00000 0.00214 0.00656 0.05081 0.00000
0.00000 0.00000 0.06529 0.08215 0.00000 0.05489 0.00000 0.10400 0.03156 0.05456 0.00000 0.06603 0.13288 0.01953 0.05767 0.00000 0.11660 0.03722 0.00000 0.02759 0.04063 0.11614 0.10181 0.06777 0.03503 0.02227 0.08246 0.02595 0.06093 0.06605 0.00000 0.04584 0.03970 0.12273 0.08842 0.00000 0.09072 0.04264 0.00000 0.00000 0.03521 0.00000 0.00000 0.00000 0.01216 0.00000 0.00000 0.05481 0.00000 0.00000
0.05248 0.00000 0.05520 0.00119 0.00107 0.08272 0.09033 0.02036 0.00000 0.00000 0.00000 0.00000 0.02303 0.04391 0.00000 0.00000 0.00000 0.09718 0.05457 0.06791 0.07203 0.00113 0.00000 0.04502 0.00000 0.01027 0.02635 0.04070 0.05468 0.04632 0.01328 0.00527 0.12140 0.02904 0.03898 0.02658 0.03098 0.02372 0.00000 0.00000 0.06399 0.00000 0.05291 0.03072 0.07267 0.05881 0.02071 0.00274 0.05881 0.06181
0.16807 0.00900 0.05873 0.05276 0.00000 0.01106 0.00925 0.00914 0.12638 0.05190 0.00000 0.07486 0.05624 0.00000 0.01511 0.08772 0.00000 0.00000 0.00000 0.00000 0.06564 0.01252 0.02731 0.05499 0.00862 0.04180 0.03917 0.05035 0.09259 0.01676 0.00000 0.08739 0.00000 0.02578 0.00001 0.01110 0.00000 0.00000 0.03795 0.00000 0.00000 0.02196 0.00000 0.11041 0.00661 0.00000 0.00000 0.11501 0.02798 0.04658
0.04030 0.03626 0.00000 0.00182 0.07566 0.07876 0.00000 0.04131 0.00000 0.00000 0.00000 0.01980 0.05479 0.00000 0.00345 0.03759 0.03302 0.07077 0.00000 0.03605 0.00470 0.00000 0.11670 0.04780 0.00000 0.00000 0.00000 0.02899 0.02739 0.06504 0.09026 0.11833 0.02753 0.00000 0.00001 0.00000 0.06326 0.03362 0.01616 0.00000 0.01414 0.00000 0.02906 0.07924 0.00000 0.00000 0.07753 0.00000 0.02102 0.03665
0.05703 0.04961 0.00940 0.00103 0.02040 0.03662 0.06002 0.02608 0.05833 0.03324 0.00000 0.01566 0.00000 0.03754 0.00260 0.04959 0.00000 0.04563 0.00000 0.01603 0.01963 0.00000 0.03201 0.02169 0.00000 0.06811 0.01568 0.01878 0.00000 0.05785 0.02529 0.06297 0.01385 0.05995 0.00000 0.00779 0.02456 0.07126 0.00466 0.00000 0.03837 0.03713 0.02054 0.02397 0.05240 0.00527 0.00000 0.09726 0.07047 0.01917
0.00000 0.02884 0.00052 0.03992 0.00262 0.02442 0.03375 0.03808 0.10355 0.03448 0.00649 0.05790 0.09503 0.02239 0.06947 0.00000 0.09507 0.10615 0.00000 0.00630 0.06313 0.01435 0.04573 0.00000 0.00000 0.09786 0.00000 0.03212 0.08961 0.00205 0.04784 0.00000 0.06085 0.05753 0.01660 0.05271 0.05023 0.02690 0.00000 0.00000 0.00000 0.00000 0.01634 0.09760 0.01240 0.02388 0.05989 0.04172 0.03529 0.00000
0.04684 0.00000 0.05757 0.00000 0.00000 0.02727 0.05124 0.05914 0.06030 0.04896 0.00000 0.11010 0.06616 0.00000 0.00000 0.00000 0.04572 0.03886 0.01125 0.00000 0.00000 0.07680 0.03934 0.01702 0.00000 0.03721 0.00370 0.03204 0.00000 0.00490 0.05190 0.04518 0.06061 0.01150 0.05011 0.04459 0.00000 0.01364 0.00000 0.00000 0.09534 0.02698 0.10787 0.04657 0.03726 0.01700 0.00000 0.04053 0.04057 0.00000
0.06229 0.01655 0.02302 0.02609 0.02628 0.00000 0.03637 0.03559 0.00000 0.06016 0.06614 0.02329 0.02515 0.04523 0.00000 0.09972 0.00000 0.01270 0.07786 0.10228 0.02536 0.00000 0.00228 0.03146 0.13102 0.04554 0.00000 0.00000 0.05079 0.10447 0.04156 0.00000 0.00000 0.00000 0.02388 0.02857 0.05059 0.12173 0.00950 0.00000 0.05823 0.05338 0.00000 0.07541 0.00000 0.00000 0.01370 0.00000 0.00000 0.00000
0.02554 0.04581 0.06858 0.04143 0.00000 0.06325 0.04312 0.07702 0.11682 0.00000 0.00000 0.03993 0.04509 0.02705 0.00000 0.02666 0.00623 0.01702 0.05088 0.01589 0.00000 0.01636 0.06513 0.00843 0.02297 0.01324 0.00121 0.07086 0.00000 0.02863 0.10010 0.03354 0.00000 0.02678 0.05022 0.03321 0.00000 0.00000 0.01551 0.00000 0.02505 0.00000 0.01055 0.05804 0.06956 0.04440 0.00000 0.00000 0.05198 0.03838
0.08380 0.00291 0.00000 0.04332 0.00000 0.01285 0.02024 0.00806 0.04150 0.03492 0.00701 0.00001 0.01206 0.01643 0.00000 0.04776 0.04282 0.00934 0.05555 0.07467 0.00000 0.03656 0.02677 0.00000 0.06598 0.03010 0.01458 0.01998 0.08064 0.04321 0.00000 0.02800 0.02048 0.00000 0.02416 0.00877 0.02099 0.03890 0.03487 0.00000 0.04096 0.01694 0.00680 0.00000 0.00039 0.01675 0.00429 0.05251 0.00408 0.02723
0.03816 0.00000 0.09042 0.00000 0.01967 0.03345 0.00000 0.00000 0.00000 0.00000 0.00477 0.00000 0.03143 0.00000 0.05912 0.06393 0.02623 0.01426 0.01260 0.00000 0.01527 0.00000 0.00000 0.07885 0.01793 0.00000 0.06536 0.02802 0.02973 0.03833 0.00000 0.10809 0.00000 0.06123 0.00000 0.03551 0.00000 0.03409 0.00794 0.00000 0.01991 0.00000 0.08095 0.10144 0.02133 0.02778 0.00205 0.10117 0.00830 0.04348
